0.5880782558859853
0.49119522400706844
-1.2883953884308448
1.124051447640535
-0.27040645909501543
-2.4745014323273757
-1.0937636235008728
0.6048507620460088
-2.4667887784798594
-0.29719193508499575
-0.5668680576277988
-0.5483877953736687
-0.17173482126575218
-0.30934725203490776
0.08535856283897757
-0.5263955585994669
0.5255506169348754
-1.4933665318010738
-2.010499862330116
-0.02808990620963039
0.5785294727782339
-0.8132753268851252
-0.2482775764020332
1.5371393669637625
0.16859122857234787
0.9661104272364734
-0.38173409502162625
0.13765356834765785
-0.26601121454906745
0.33252516970973794
-0.8243669476705232
-1.9977666944905605
-1.005400030161304
1.3988689652504909
-0.997110210955871
-0.7433555346023375
-1.2426334048240981
0.9379485551216357
-0.8377189304672752
1.7062800320716274
-0.029215083576620723
-1.9890802411440107
1.1554133826659259
-0.5794373810215451
0.23489891731172555
-0.921848577796532
-1.1819247209615602
-0.8057170231573563
-0.1333370168739378
1.0576642185640102
