-0.034926555126948415
0.9849410973194249
1.1499064908913852
-0.5206096937397486
-0.0973775366663767
0.17377350167930664
1.7701300178353778
-0.523874822620729
0.887558389552233
0.749078208494097
-1.0546577343226435
-0.9383983426439417
-1.7934484588723247
0.4908358149873028
-0.582263400897912
-0.7355879510504534
0.22996304596972109
0.35656054866309445
0.09174429616996756
0.4813495670850951
0.5349283304413586
-0.1181693054840417
0.2007956264907224
-0.3281049490520588
-1.7353643984726292
1.9600678387707648
0.35437605218067497
-0.9199224191127805
-0.8940145591510353
-1.1390787265524007
0.788970914679331
-1.2924255405328562
1.520460730693493
0.7626020522651671
-0.37502648296168256
0.5210763988642317
1.6595698060335407
-0.8796401680632173
1.4640940992246771
-0.19957004636673797
-1.421360864249072
1.185961723436617
-0.10540546414739177
0.4624955026392978
-0.25968109466115474
0.1492543255679528
-0.34856702235828035
-0.4648921333962201
1.7930922810488499
1.006635918777259
