1.2497693894778121
1.037023098166305
-1.311714506667727
-0.42338971800727837
-0.6118214125027964
1.3210169129273122
-1.9021745273892199
0.6639314110733827
0.9694844638414619
0.9121984123250689
2.9678681322837597
-0.05861779478591104
-1.1282816059422236
-0.34433890873484174
-0.1585330674042311
0.6965140181603148
0.5286035778230805
1.1198636477471988
-0.38043305670864846
-0.6691432088829968
-1.3577591174566774
-1.8099721635826655
-0.42539740928035147
0.5279932020958177
-1.313655417214136
0.7109641982503742
-0.23853618019429806
-0.5029972215529146
-1.0430435850194133
1.5148499625925957
0.297464986579632
-0.2803501533376714
-0.16618517840144523
-1.2098395743068797
0.8652607277932521
-0.30691278152522866
-3.1230696754143303
-0.025253048699328897
1.706633604742665
-0.9616966869514243
0.4349623810226033
0.023789847674781428
1.09862012239441
-0.45648061520834265
1.310425576250394
0.3103377023813745
-1.2231887209597816
-0.7141546469559976
-0.21788720925714153
-0.49185309780391673
