-0.1551022771267995
1.4644326638234684
-1.093871544164719
0.28971316962503096
0.9751924875873703
-0.9923445713626784
-0.07218290708777601
-1.4039298461789966
0.20827837554123646
-1.3537250593294554
-0.585163929213516
-0.9513267867831711
1.3066397954267264
0.6867224730434076
0.2460046129257995
-0.6293204645018031
0.6418392838039955
1.4796609241837115
-0.08244697847174023
0.3100440501899783
-0.2844999416452942
1.1268196374842776
-1.7458294814087711
0.186656313709622
0.4890598523408512
-1.8599252899126835
0.5343227214680747
0.961482423979535
0.21981420034404517
0.20813495802566367
0.6441993824362572
0.38396877638433724
0.3240563325702219
-0.21033175598668719
-1.1122273161499037
-1.6897641486194672
-0.56764486812949
0.08956520666924443
-0.41152805329114206
0.09104325882849347
0.7109052269868412
-0.3524371683523775
-0.5903671617243482
-0.6087736911140258
0.738627056092324
0.7082751194968653
0.6813569103588608
-0.06531398729410301
-1.8064950526756676
0.31982789211064605
0.10895959304106123
0.40378425285311137
1.0972460965288646
-0.42543575701548425
0.879143890793029
1.4121474259951383
0.9254582390835786
-1.1925206397893666
-0.14555668359802962
0.37205515814882306
0.8680888403214514
-0.7820770473062154
0.6978898625196159
1.8416399019933218
-0.7191547196436939
-1.3971674079625593
-0.3818007331022242
-1.3734473969276142
0.36821718182718
-0.7334706898674173
-0.7148541778593709
-0.11813080871528991
0.43971472165228287
-0.0038354551440001137
-0.012019728925333274
0.05306248551180917
0.2128520809141344
-0.031220738140993593
-2.119134329297171
0.41803665375134036
-0.48667335041692916
1.6370535288953751
0.000326167741028538
0.24503297971761448
0.7463843104754027
-0.12577625383345117
-0.47500783699675936
-0.4767811030166666
-1.2223175935823676
1.8220747985001522
0.8154604605863015
1.8009385111514955
-1.445100625325829
0.1547438534639895
0.6614300632140508
0.8177680078200265
-0.14966375971282372
-0.20227434751345263
1.5635321093219223
1.125099933684902
-0.8057405037218929
0.5674686663562646
-0.4874676694773867
1.2208829880902747
-0.329218423047281
0.304329579862554
-0.5283220902225436
-1.6961679911544676
-1.0182230616220003
0.16216503264695226
0.0811565095305503
-1.0027527454573903
-0.24209785704108072
-2.0590180227517343
1.3613188341085636
0.6357767826536842
1.738292410159875
0.7204898419716412
-0.6624641880404507
0.07782515713531667
-0.9682030494393569
0.478603583294987
-0.539401536778156
-0.3561536568208248
0.07264033922798102
0.2846815666688243
1.644349996677018
-1.5166252062466197
0.29358628373992535
0.9335401627417507
0.39297052073626065
1.3062144051260758
-1.0429230699722483
-1.769300688735794
-1.491861762901817
-0.24282069067356102
-1.43322055461639
-1.9666151957394058
2.160479679520626
0.6409308086721485
-1.684042396133783
-0.33713119260951024
1.874704001723091
-0.8947817971960592
0.6981336129224699
-1.8137541040098084
-0.04077342967631724
-0.4091692889310845
-0.3564189874301488
1.4783715453222923
0.14782819126347851
0.3623994139437346
-0.33991186637931375
-0.8664707836807668
-0.25079937090051546
-0.1965676866550685
-1.540914489486029
0.00665922135641717
0.13696907585929882
-0.021171968827064375
1.080600199152284
-0.05750038589727699
0.26017056493142987
-0.8148770650268969
0.05353671186817692
0.8612213259203283
0.5093545129890538
-0.6693175243802777
-0.10278138167648244
-0.12145818224939395
-1.4809549524019983
1.3506492437371795
-0.8373263144530488
0.48334180476945193
-0.2692744431731031
-1.373969552407696
-1.2559650944789873
0.62634024397065
1.4414365831370972
-0.8661575710693755
1.0338771998967546
1.3246703956301034
-0.5762286939325799
0.9913934086021865
1.772328146825796
0.00926798043938442
0.33585112084551244
0.705851908158814
3.33497439777781
-0.4927243951966734
-0.35294594554643344
-0.3005281919738516
-0.13770557808539383
-0.3469107845873119
-0.549837988699723
-1.1950246546658672
2.2923805771947103
0.3747813601901477
-0.8675643794453628
-0.47657068498916566
0.4953946873300911
0.04114511234291727
0.6222351393806577
1.63208236036656
0.22740764392375112
0.4116709476893446
-1.3236026221870025
-1.3088766755218277
-0.5322650841414258
-0.07528794309651878
0.907295501800794
0.8878679591767321
-0.7264031371099611
2.752084944154106
0.649003640831554
1.8353781828337294
0.3191238888196414
-0.1415876646615543
-0.7919983562541701
0.7113701835091955
0.48958680676287625
-0.5657025458157017
3.3017210432115762
-0.4143546620070339
0.1289236247004567
0.054607600339656615
1.0115519843913119
-0.49287175618655277
-0.4415590657328873
0.37938758116253984
-1.0331373872898675
0.141742554297866
0.17206058918722714
0.6210863355529458
-1.4147602075164696
0.566849028689153
0.46836690277464
1.1457266159620931
0.5763759460018303
0.3713790490857578
0.22072032795155241
-0.35698247622269147
1.033131523889064
-0.03888880044381578
0.6309308669936831
0.47837836195080463
-0.039002945473068346
-0.8553994843242497
1.2812464677856306
-0.9064762217482005
-0.7514535954619064
0.07732767765981588
-1.8623812387423202
-0.10211729186045894
-0.13125838331283463
-0.6991986992319504
0.1819136557468893
-1.849030880870489
1.2815368778978913
-0.22609316074264058
0.777397327894616
-0.6642127875856197
-0.8624690373542618
-1.2644510062521872
0.5802569634301789
-0.11338525056543297
-2.02371892796125
0.18041842872412542
-0.39053403603997305
0.9230063164244169
0.7664274348339383
-1.5110860216043778
0.6935406035963344
-1.3502304811807764
0.7955720053175367
0.08045434771185057
1.1208340360080475
-0.7018584775344835
-1.3174129667782124
-0.21476436447679373
-0.6077444143975332
0.14806906269584919
-1.6198553313084014
-1.1691191150359777
0.42521714372975467
-0.9023606893052976
0.7008847816480811
2.0779704676594224
-1.0026514267002855
1.0679105219037595
0.2145892290925981
1.064051061817997
-1.512007064034542
3.747354412173993
-0.1822216579618827
0.3428903853821064
-0.6784331523017026
-0.7914412894239891
-0.43971972803019627
0.6973976486300532
-1.5050580493543761
-0.20985370104697718
2.5854017798749642
0.7167096140250447
-1.4977604366712327
0.36010161004542796
1.1268041911688653
0.6908663504059562
-0.6189793005186959
-0.020425795205929922
-0.9291884658737923
-0.7748474503891056
0.20366174727555372
1.3535390884705147
1.5775992467631952
0.32275561329114166
-1.1849851644993021
0.3436659517568048
0.2616338713837513
0.5151714568103807
-0.2793535500145345
0.972933928830755
0.7481141828678856
-1.4226820500837136
-0.5283323758165757
0.5569309309878293
-1.2021798825029757
0.1189195503712559
-0.2734417511284538
0.5667266203506728
0.08035135888402757
-1.819445925075209
-2.0164367622640276
-0.9658563266214002
0.05195595069088502
-0.2721290285938523
0.16495110616184777
1.0873790057234352
-0.5398073800298179
-1.4893059972359408
0.1365646043574085
0.19298110581815373
0.7686635383757813
1.3448113184121153
-1.3052365957518852
0.8791106923770525
0.8909491846212451
-0.3592834553250925
0.2705761868233663
-0.08537017699538695
-0.06425417901835578
0.6791276767221304
1.2430186327950306
-0.3347942494936559
0.9672903859256549
-1.3957685362395886
0.10197732106679512
0.4869447554734232
0.5083721368302463
-0.3291263915198201
0.16658052555207023
0.9164470351005591
-0.22362068276847427
-1.0858163037999258
-1.32085426019586
0.37177340423606126
-0.12478951592004128
0.33599286675899315
0.2785738202452411
1.3528962240271936
0.47260793892925007
-0.4568599103636065
1.6288227295731301
-0.3995046832586738
-1.128524683696485
0.46912157304030605
0.5924442911307356
-0.7875571777163948
-0.7339238458632305
0.24615982782495047
0.32195812913165833
-0.645297054818861
-0.22312895193898769
0.11436909188917081
-0.24725745254312312
-0.7988854447147443
0.9189179075458102
-0.9910623943664006
-1.7189023109698798
0.4090490439189938
0.09471065073273555
1.0217371688121961
1.8391745913914808
-1.1339977662509593
-1.1636874610373844
0.45556744039963865
-0.37253958750940225
-1.8033278392536984
-1.3329816292712973
-0.7071359897681804
0.5850391671075231
-1.4696404989043994
1.92842951036902
-0.03246507956773808
-0.6222509296958771
0.9950793861345151
0.3233594177202644
1.6172706259116925
-1.919562530507544
1.193914082732682
-1.4643106255433638
-0.02419228977402385
-0.47941351963372814
-1.2600769811570876
0.6179946232397577
0.31726013556686644
0.3624145894128637
1.1964613324323565
0.16031703826165739
1.078725649374094
0.02622692919381783
-0.2733268287790744
-0.11343727164190692
-1.1867904744573636
-1.8957577212913521
1.0040623448109485
0.12401568469757714
0.6511940665449354
-2.0732948392111776
-0.18874262006267015
-0.1827621671777151
1.1304687416561063
2.253090168691072
-1.7230875906442993
1.092183881017088
0.3637394873445046
0.767844888726147
1.0649511402993768
0.3419903138343198
-2.157137104465443
0.39491974179492123
-0.9740942751116183
-0.9670812247987717
-0.26737374535036024
-1.2745810286757058
-1.030904190226926
0.6045294243002952
-1.04557515449749
0.31746073946212194
-0.3080057498772066
-1.139768820326082
0.703388232662207
-0.019924971608233248
-0.15301416970710305
0.2757276475666508
0.5524191041118699
1.0918640074443429
1.9828278046407575
-0.1403417249712436
-0.24607643572892304
-1.23271479634943
0.206621205191961
0.42909541948861657
1.4913793345449868
-0.1195539080986224
-0.876155693325766
-1.2915671979293875
-0.7903656570420303
-0.3154447466622152
0.3887315913240543
-0.9007294466809133
0.02824162696146581
0.6747064000013383
-0.5157640420872484
-2.552679242316676
0.33022606306280883
-0.34408549590646703
-1.145244236497088
0.15773899283430606
-0.41113143626656384
0.5007071998191635
0.3113225913101036
0.999591781449876
1.0333232059849533
0.4837810378360021
0.38422101954448284
-0.36716084129307464
-0.9879524852437962
0.784672513890237
-0.781052897050147
0.14224648238044293
-2.9992457114657847
-0.1136599882324231
-0.3180340800468755
0.10788314813299299
-0.8798677626796733
1.00556019905953
-0.6639980243061044
-0.5475311837329543
-0.8158091193518006
-0.6667072134159842
-1.2383000485457194
0.17731627521551657
1.1740805274914723
-1.8679786377863485
1.4655898142341781
0.09552647228803912
0.5773588991222751
-0.12863766397067472
-0.45917818981553815
-0.40025332613717524
0.21272913625674558
-0.774203538486128
0.7621113316221064
-1.406209549247121
0.11962044937834103
1.522711092516532
-2.7944177335759717
-0.6152200237804233
-0.44005011931983823
-0.22428627441778676
2.307530040883567
-0.13101283288933177
-0.34196185269371004
-0.9003204119238353
-0.29568011123460186
-0.8432036387272627
2.169574359909034
0.5876936222203133
0.779916212579029
-1.326742088574633
-1.162978233719831
-0.6960392990004792
1.2891879005989682
0.25256873823456893
-0.059928421815912174
-1.0145211847197284
-2.159544097431574
-0.2360289481254571
-2.040143655103896
-0.5112118246516908
-0.8032924966617192
-0.5738471159834624
-0.749880382100682
-0.37539769797308126
2.982505782762477
1.3505119132280512
1.3502758171717486
-0.12453665094095806
-1.151101876882084
-0.14640849130992303
-0.8137852744005278
-1.3874666834675373
-0.9096131750693902
0.4451707358865988
-0.9818903493203723
-0.02096288328800168
-0.14642449534896118
0.20773320442980503
0.5375295396016981
-0.683553275688438
0.1111130609219293
1.7363064997169433
1.1402207468907435
0.34179492596830996
-1.2983270882414035
1.1004294695524268
0.5672940486606376
0.15464171149503378
1.1522988497186235
-0.48281460970740386
0.7086101730544275
1.7517070056319304
0.7288933251628594
-0.4589506263686434
-0.1419535889232319
-2.262869812470362
-0.7686770462659981
-0.10047538868213264
-1.7920170484885258
1.3809437088329775
0.6565947051766714
-0.6009104377165827
-0.5035132124917304
-0.9010816748421974
0.24098068199322786
-0.24708957107013055
-0.8453410722244126
0.8773984032639093
-0.9342015071558358
-0.3615019282076457
-1.2246612042368807
-0.8451813503425122
-0.18979797846391824
1.4518630138765953
0.21778320991678657
-0.6235803575668586
0.2124517377357477
1.4284144315358391
0.3935099234597331
0.8919955626966802
0.33042610043408477
1.090894988092823
0.4884104319876186
-0.23677789449836883
-0.9880747953625979
-0.5147295022055524
1.7567086505031484
1.99745521783548
-1.1260982939122366
-0.6053623293961553
-1.8770040514806814
-0.7587240240520018
-0.17490627157585592
-0.5347527861951442
-2.9734152074771076
0.5966940664578463
0.7327923919779852
-0.7693214267901276
-0.6842411823498697
0.34802384062377967
1.5394032201873862
0.90314082784602
2.5497974303181357
-2.497817822413566
-0.6696969658560601
1.6822933179787916
-1.4083939848320632
0.6506780640544089
0.22311929855548662
0.02866763407879551
-0.24187393003584629
-0.7706484201721394
-0.2764440121397435
0.01798744912457547
0.0800497232619627
1.692856788314164
0.5536289921970328
-2.9262039171760077
1.208739951782328
-0.08988061268253865
1.1439610959269175
0.2753358352852756
-0.4244649215605292
1.7693595714918169
0.5907535946399955
-2.346357381405083
-0.6708229588334488
-0.9505926623751261
1.0743174680662708
0.40950428162338104
-0.6014313669670974
-0.4275680569201946
1.4443243803067023
-2.76297386759768
0.7975462122608411
1.353386364188236
-0.6422157572168757
0.05951431963778716
1.467188899185584
0.25960806498580086
-1.5671083794705916
0.19684942297194374
0.4989835782962799
0.4711400133426387
0.5499707207709624
1.821017910436514
-0.296312920609509
0.08860119915530547
0.2896182207097759
1.3879576434383873
-0.21634533553236457
-0.548566160062359
-0.960137183036024
-0.08168285102476583
0.010374533246323897
-0.9082264407078967
-0.705297703232501
1.5993549688770659
-0.19208511856716842
-0.9147679703001476
1.7940567567104946
-0.043901648640518307
0.0022845514598201877
0.9763974608986613
-0.0011510559225315722
-0.13806901228353421
-0.8180016647861448
1.4870467314088391
-0.706805230598283
0.16357619926717837
0.1331805758586841
-0.10856680694721166
1.0965608318145914
1.2100531666544292
-1.0168958567380513
2.565782701326645
-0.8397483019740177
-0.9861055633238877
-0.8125480227147013
-0.44665976245567085
-0.5589284799066442
0.09939763052506319
-0.243106432552758
-0.49473196872845115
-0.4779955228783059
1.362573941106232
-0.29425344882311255
0.7852579378789347
-0.5653600974557305
0.5351354140586481
1.2016590874212205
0.06258039744740937
1.6025013816216678
-0.1770082335555825
-1.3982022254468314
0.813485069291176
-0.9391897310137248
-1.7413493546886205
2.0957026578387863
-0.5748077509974121
-1.3930950751400852
-0.12261017636942455
0.08760477328749168
1.0493541033940572
0.4873870819681214
-0.9653419472736402
0.25527946726204487
0.35050007137652583
-0.1393429360961598
1.1658297547659517
0.4954836287128302
0.7362744003009171
0.48373117965232526
0.8675768527734015
-0.05739493179431201
0.7465988429422307
-1.1247103991114102
-1.559877490186594
0.17181455791894076
-0.5553263989465224
-0.035687651650660006
0.6680532596188519
-1.7865933766239817
-0.5481929399245593
0.4674952595444699
-0.3870965942407554
-0.9850328171975391
-1.2490398609108055
2.1234857722944485
0.34816121884261897
-0.2906021186923154
0.1321337914112972
0.7676869910508873
-1.8908300190030742
-0.4010069197943693
1.8227287629429205
-0.013008651998420611
-0.1530598813581577
-0.3314903809633547
1.2051119055140862
1.1819026055841093
-0.8135022445191041
-0.5215013552901123
1.049752105640652
2.0174972553900705
1.328053782656774
0.8185985409927139
0.52018379270044
0.5792705691127482
1.230083569810955
-0.588871917292778
2.523332734869995
-1.4275517145024235
0.4265181770031111
-0.020638055655030282
1.136774459314608
-1.1799709408314116
0.6205936410965591
-0.2751704578128943
-0.9933924479940031
-0.4931191227809487
1.6783056341108753
-0.24643670901053832
0.6059059903554178
-1.2438921501039544
0.11657277524019062
0.14932855613215018
-0.45339060475288895
1.5791478442378066
0.2567121006564877
-2.035387777221725
0.6987233882369478
0.9009191353923746
-0.13225050719068707
0.9954777120644552
0.09831524613132221
-0.22225122279656495
0.4333236542372287
0.07307464657142106
0.5213610353214101
0.961503291549519
0.04481340654561143
-0.8763516709900623
1.2539713960540286
-0.24127466183490798
-3.407211944483325
-1.9059179918629654
-0.07071738041725195
-0.06353546159550223
0.335445122427229
0.1365967950390616
0.1233573381369349
0.7838834024764183
0.0702686084023512
0.8432871887506698
-1.5579213406961787
-0.27747082421326674
0.1749321258206257
-0.05191548858392663
-0.10813329923566982
-1.030088703324752
0.6702990685364516
1.501925637198617
-0.036822156897894885
-0.2533468856839789
1.1630169376541577
0.1880842090546902
0.22399357947702156
-0.7783144096548446
-0.261401899081454
0.493078767345668
0.4905965386239697
-1.8646787533777198
0.5034526408362178
-0.7149871812490236
-0.4907788772689668
-0.14411417063803514
-0.7951323037443639
-1.9154500621778334
-0.04305073480663571
-0.06658649601113915
0.6669747204242455
0.29128109750193715
0.5159827497400353
-0.7294263529312067
1.1830011810323808
0.10327475701488915
-0.15487156425372567
2.154508829836206
0.2019778819185885
0.818510942713836
-0.5390257148157606
0.24923859985694577
1.5537465741939638
2.0575761321557113
-1.2565979001601635
0.8839340453691616
1.2256287715747773
0.5733378690306721
0.3014266572194354
2.8650887858400065
1.5585140895710037
0.3915516358627008
0.07959423455636462
-0.8100419209844207
1.2435875928640134
0.8381462805792425
1.0720318417919428
-0.33095874705169415
-0.4864187262934203
-0.5786499871610937
-0.30847861498947077
-0.5797813157473661
-0.4746340301646303
1.3135729095372721
1.4698796310459084
1.0498970437658608
-1.113089808202767
0.2717040291350323
2.998592654689881
-0.025580621098029152
0.2922912115114536
-0.5164832915036482
0.36547618529029735
-0.7253164692828202
-0.16390279637653782
0.2141650810106
0.5207155657264663
1.9215076308120866
1.2453088917525221
-2.3332388780337467
1.7004917107798745
0.9745919015157194
0.12204264675702549
-1.6609024447436942
-0.861186205342798
0.4853824561669539
-0.638335400241893
2.637974044692688
0.5459863540976424
-1.4237849583184354
-1.372579130666567
0.03098105152981725
-0.615635638422905
-0.6338880869945811
-0.320972269918852
0.04613519460688537
0.01626391232499062
-0.4248444166262017
1.1093720238892144
0.035709021295782364
0.6781196717722954
-0.34294720770533416
-1.0167866932155845
-0.9142007040974778
-1.5901184740912715
0.19678702980769278
2.6704564814871876
-0.9810139800975773
0.3386750818819709
0.4187959085244412
0.5087830774863674
0.07063631643503439
-0.09321259219493482
1.3636629327818806
0.17771955608192985
0.08895445967522334
1.2119038538351152
-1.4049876111347497
0.9740546029006594
-0.9580378629765208
0.9218831119977341
0.5314692331244011
-0.0939715930716176
0.07847755600093564
0.22165499520888007
-0.07648188863435953
0.9391984787031947
0.049081557968824935
-1.6773236448711975
0.11339527828958075
0.7054951579078461
-0.7787341255059146
-1.179265222848725
-0.7950735518472818
-0.9431228855775053
-0.07332067227130701
-0.18557798269022507
0.19574214998446451
-2.494972600093681
-0.4397772566913605
-1.4419852953413737
1.559732710212711
0.7045468750158191
-0.13485687605249963
-0.10661130920633537
0.9206465997899896
0.5903921191848236
0.159737841171269
-0.15031741638413082
-0.18507470248609753
0.21552954342702957
0.8836694881738534
0.84774480157596
0.7060584740177202
0.3445570754608637
0.03472032679218943
0.22055060046019653
-0.07217515195850306
-0.603006716294632
-0.9808314183493666
0.13776867681216587
-0.34734990516096753
0.3832497793749316
0.8851307500505885
0.40808279273632975
-2.3765488669659214
0.7574709523351019
-1.2257603271552842
0.16213319970451537
-1.4285803415327099
0.01181951097131182
0.9504913562314882
0.612838598398838
-0.2215793552077201
0.5576888254170296
1.8392203807275078
-0.011404464211680775
-1.3665210637555185
-1.6814530953835747
0.26222505553362774
0.3471490213282883
-0.3606361711235545
0.31799904379634997
0.6994258387541678
0.7976912693109246
-0.9930003357037831
0.8204271484794066
0.08074296620100203
0.49823383126808035
0.6929691046766759
-1.4727555780209929
-0.019715931575220457
1.9343404909368578
-1.0768707180332986
1.0475309873916396
-0.7075372705894493
-0.3202330226144779
0.07582564002135408
-0.3361174727014132
1.1974302770353633
-0.5678159837848986
1.4796330663807336
-2.189948500400566
0.8652979931800033
-0.1836791155481551
-1.8361442661447982
2.423946140068628
-0.6521721103790793
1.278289103618033
-0.6488884446395361
-1.4826159055540564
0.8311672839577606
1.5709441107633018
0.5499357157668897
0.18194738596651652
0.2872219606639141
-0.036875133126841354
0.6928671346069656
-1.3131604830202643
0.2758556615469407
0.7337678570183352
-1.036192466500715
0.4552221346264996
1.7459207293065813
-0.8242371527928523
-0.8285534802459187
1.6817266123837393
0.8255348402678725
-0.572974469761397
-2.1773989448985316
2.2156227979295497
0.64252212177888
0.5590595938097973
0.7977223367349444
-0.1281022269255316
-1.5226959207931878
2.382366573628739
1.6159248923848544
0.286142133831671
0.8553524616135418
0.7496397374583604
-0.3248478006190983
1.094626562487757
0.8284688517695066
-1.3294105759649157
0.5115021181333892
0.4052615817030446
-0.12052219470872057
-1.2423143817918372
-0.032705361660283754
-1.5988184255590778
-0.23940159381121948
-0.2050427032597545
1.8248066844537099
-0.49604301466223716
-1.12848758708776
0.5339120853475273
-0.056949384330712415
-1.4182626074158537
0.4169070427982166
-0.8578357641349342
-1.0629805460350275
0.08598575379740736
2.4467642649224746
-0.06286683773197045
0.38211890320302755
1.4114705120169082
-2.942778954793302
-1.0779269995127505
-0.9505466841403604
-1.0031428030816245
0.2656914136513107
0.3924769733658083
-0.14476816607885384
-0.17889837645998005
1.9119230498337882
-0.011872234590659447
0.01780697485651477
-1.8902876854972424
-0.21965382925296612
-0.062184033724132344
0.977195146733182
-0.0411715282358734
0.39559014754942795
0.670918789390241
-0.1975263636143694
-0.6446852309407091
1.4659031529229318
-1.9686638801668426
0.2981563476223961
1.2856051727877513
1.3620416851135213
0.9505751337780084
0.5380811176819713
0.06703562836993593
1.4585134991201012
-0.1826949536324135
-0.15394288806556283
-0.45273992085060444
-0.5100966278891412
0.8671707959485921
-0.310839176277021
0.519144002318796
-0.631890781298127
0.5692401268154654
-0.4340412345548635
-0.8168563060769022
1.1758739554009379
-1.3023080031356222
0.7521671223200125
-1.7137659493183384
0.44116177295603715
1.1589837128298306
0.5170392773285639
-0.7943029886620647
0.1251632405262508
-1.1611637823470335
1.4095673560533926
0.7199913146384598
-0.0944143755547085
0.7923146810153164
0.014916673195779377
-1.2329182244765156
0.3480663749156529
-0.8163673621197746
-1.5671753974430565
0.1170309441333558
0.9684376424647362
-1.3138520691867788
1.4216888503084024
2.754256923192118
0.9955570155828954
1.4540386789074995
-0.29810223487429305
0.7912196704653599
-0.1952744370560133
-1.16002762308032
0.0557329189516764
1.263183362385446
0.2963473659543513
0.4736386955071312
0.6264714528500439
-1.221347602107807
-1.6545198733428708
-0.5891612010760957
1.2560887071170104
-1.0288336992378218
0.7697053566531596
0.17788280415032764
-1.3814993949675942
0.217309812556158
0.4115288414429724
0.4819795569328033
1.356397569555703
0.8125505309098521
0.46837386404506426
-1.8741699165350183
1.2277616552582116
-0.27082886729012934
-1.696428170932601
-2.466142011720511
-0.7237670186580123
0.8484192585274035
0.9627823264841908
-1.6149707256625887
-0.8509689214811745
0.026923534696238774
0.2189921061436766
-0.992122044951025
-0.5793194135260764
0.7401077122424468
-0.25410287706507156
-0.7106082202742082
-0.3245954057656683
-0.5954951461779905
-0.5922199724140222
-1.5856610519172067
-0.017790604048009574
0.009178224578182818
-1.916718633112814
-0.0862291086907941
-1.0092669623995114
0.5168797401664759
1.8710633491441935
-1.3548350553181665
1.017933843098341
-1.12923881052376
0.8599881267838873
0.7384209746522944
-0.24639740445144045
0.07682716329405248
1.7510999700505399
-0.3940326742557557
1.8039435561549584
1.8198039042374712
-1.0247547541237296
-0.7084319490552113
0.3967130822877476
0.028228289811563084
-0.4723966674991078
-1.799838546163916
0.7210809372271517
-0.904331642863191
1.8094797926293351
0.15349958904544073
-0.15173494159437093
0.04859831861655378
-0.30613771351822977
0.18612549520724259
-0.5919987171701693
-0.6898923525253976
-0.7266268010338301
-0.5737636852998423
-0.7500256702451045
0.8182299257877806
1.3335193551648834
-2.177698151259169
1.241868897885295
-1.3167537880123286
0.6808194675105327
-0.13436905142093913
0.32127790917053856
-0.9266349438654911
-0.7206314013632543
0.2557181881635191
-0.01410849729847351
-0.9843924851719743
0.405928333406318
-1.2475320314706622
0.882949941324741
1.8297033514578853
-0.611416821804048
0.09219254817550429
-1.5866976824997707
-0.7247153767385321
0.19383276323596624
1.2646615090646465
-0.8604581042036101
0.02234225013483143
-0.5105930511192626
1.529680638548545
-0.3504877551015447
-0.9517328476760861
-1.4688638233267108
0.619419018433054
1.1562657329045793
-1.0000017186024124
-1.508212868628969
-0.7034280344370422
-1.536803709964888
0.5524008990587099
-0.4238049392434795
0.008512873530772892
-0.8087623511320335
0.37964910689612835
0.15286184676998305
-0.8165047652834314
1.0575629927941617
2.5399458907678767
-0.10532670410280431
1.5492044608253965
-0.9450425090292037
0.7012551448898471
0.5970129301041014
-0.12255409753596372
0.45130171051248286
0.5427620136264256
0.27459073598419126
-0.2846509528654992
-0.7503035817910988
0.10528063520116979
1.1285099000479526
1.0515921098118504
-0.36857995615781386
0.8755520673336188
-0.7211819209754293
0.6715124583604138
-0.6004966844035101
-0.304204771256112
0.9896535971345612
-0.33394079649504577
1.6006360329774558
-1.532399365239984
0.7670377183701061
0.7325304908804453
0.7284383608600181
-0.5831112261677837
-1.021303913282335
0.23414245671716044
0.1732325064525402
-1.1966088798012358
0.041135279906329515
-1.1470604764007202
-1.2875131106815616
0.04248876359275442
1.7711443916441774
0.42192651696584305
-0.28704519612411294
-1.4979250446324543
0.8817594917508259
1.416081922109061
1.7935335466067128
-1.0680188740452072
-0.8273356215442069
0.3138880609464301
0.7303060651831795
0.13350505212999414
-1.140362168697224
-0.8100460338867395
1.7859499946658826
-0.4285544907334092
-2.8840058306554526
0.44894116171814796
0.039548996813654855
0.2539844797577752
-0.09938477817714192
-1.138732797865772
0.44980046469347473
0.2109213907072064
0.2520072365882164
-1.0218521203628366
1.16527011475253
0.82449510561417
-0.8463866901833486
0.873861007980992
-0.0515383713068334
0.01849097466355506
0.4234129885680569
1.047662538534753
0.12730491797610127
-0.4638333439594374
1.1398121356206081
0.2296358825991116
1.980548948275719
-1.3734740150587825
0.3418219780945909
0.5466360911352692
1.8547925602868365
-0.43376682669627714
-1.5462289178633235
-0.11506242156080868
0.9769762172150193
-1.2116169037890026
1.396437525724958
-0.11224025106682751
-1.296967750116889
-0.7218131440040781
1.468543907771794
1.3149048866480908
1.0258149732141724
-0.505413892375018
-1.042681555726177
-0.700889533901997
-0.6859639701273055
0.8278007530270243
1.1241281978220012
-0.6836479795818167
0.015934260507991516
-2.166660699656906
-0.6880450124947468
-0.42233736914133385
-0.3749870221143116
0.6068998832588653
0.05929724694536354
0.918015552671282
-0.9242437863843684
-0.11134490863417858
0.8978511022382363
0.007521240840651409
-0.7574115671849772
0.764618063396596
0.19050187410294359
0.8211593065141705
0.5205936484267223
-0.5562360296466649
-0.11478509250733587
1.2784950071062944
1.6822175590439807
-0.05738331621770875
2.1695030290595803
0.5530893087322573
-1.4751179124972351
0.36594663618315104
0.4380703568221271
-0.3360444534379675
0.023706679056533002
-0.48403791035776944
1.4001005510816098
-0.36839226780991013
-0.8732509831071537
-0.06396216326694072
-0.3304401580420433
1.4437382156478906
2.060962351213503
-0.4406810861165081
-0.006777305722361959
0.584041950947276
0.2195582886760692
1.164904781459794
-0.8118762563942553
-0.12664954080999996
0.3013042420571228
1.3026513969003846
1.6165447692472321
-0.732704863750874
-0.134233616148439
1.3352581446749376
0.9752766919846894
0.08649623784125517
-0.7076200186309031
0.03415641510922581
-1.1836437528691575
-0.5027588433398459
-0.005896612737264124
0.15409408150144827
-0.4577746120165942
-0.6829212916854932
-0.31104543391030254
-0.3272957762834159
-0.2550149573644953
0.6033230618644929
-0.43790681374808
1.6372861947924948
-0.7462242159731611
-0.6867539154921753
0.6821172672235583
0.30712004637588436
-0.23683926445906606
-1.088703048487161
0.6154225595412014
0.41367294416401884
-0.03787990892704994
0.40814796488094457
2.9159269892342934
-1.0144656895816428
-0.5390888974582764
-1.216116544089545
-2.6724753847974125
1.005230009130046
0.2657299222300329
1.01489753296618
-2.5193347593899897
0.9591037952560082
0.24504844466735543
0.9740506256604745
-2.352129146774232
-0.7698069329942043
0.41243388974048684
1.2345844716582095
-0.4803259511754845
0.8257154641819148
-0.24663869853763934
0.6153683669762415
-1.3812202210837556
1.2101494037027394
0.7193298770064009
-0.9664613223832802
1.2069592049736841
0.13714568813778627
-0.899733350097455
-0.10345609739965077
-1.103438198466939
-0.2593965780941439
-0.8576920077194736
1.0782830008714746
0.6190329129664786
1.3218282752298542
-0.06709014176007816
-0.33902851381228666
1.9251584750808
-0.823955233871006
1.396955927462989
0.014473703098506908
-0.06777001668282623
-1.3250152568247138
0.7157094740924905
0.055870589567859986
-0.10630230518475706
-0.597960727727654
-0.23094139368766012
-0.7899485038861539
0.6699316663766977
-0.08821077412097902
-0.8724821422210151
-0.30150515812729195
-0.027371976061261634
-0.2157318382326187
0.052761345391886635
1.5836138803499742
0.5941416621142985
0.1964686379127618
0.13302406054056182
0.10170832859802156
-0.5542265576846772
-0.2452730013045093
1.2282654743867796
-1.017074181295727
0.32158525511493324
0.3932682739368767
-1.396238996435862
0.8017017520388985
0.1551701318921721
-0.09321247160220586
0.5182777071622982
0.3115525689265517
0.13252249899318008
0.9713531247847313
0.7191073651668403
1.5196079381472793
-0.11698192362019573
-1.693823677310395
0.5557050457645228
0.5109093056308267
0.1644869508907643
0.25674763699984454
1.934856243124786
1.274206078106105
0.5237147606353466
-0.283236494991966
0.687825253779882
-0.5673159940620042
0.7009829486374423
1.2830015636621148
-0.11143264200869812
-0.07095305663047269
-0.7752422296229795
-0.4414364053831784
0.04616667103592473
0.0215256095769733
-0.36909306206000575
0.5379579577019936
-1.4911860403526658
-1.594171980452932
-0.7785410046622107
-1.1075827971274326
2.1292242403481607
-0.49322622436704305
1.216390424285397
-0.8672937120902088
1.6084486179388506
-1.511875978270405
1.401187615473216
-0.770577912049645
1.1002509041931052
-1.0128281578875495
0.20047175048513002
-1.2212769188371932
0.04884468870547356
-0.5179603558914363
0.7239980881583679
0.664220467495523
-1.4555081740150615
0.7530504099728808
0.1470065371836301
0.5050455067277007
0.20771567662330692
-1.4571712666721335
-0.0060968819166072885
1.048883581977248
-0.8746132206693331
1.3273273122178721
-0.244132864648188
1.1146757473450302
-0.21804193305232897
-0.29374097453007564
-0.577324102921564
0.6358717467684173
-0.694543723492273
0.7732808032824896
0.3943191308241984
0.9016334099642699
0.53064874014678
-0.5395214258889277
0.3221200887379063
0.8308652741906106
1.1483272577196144
2.074068560428206
0.037188572813355886
0.2458308408415526
-0.268276924765171
-0.25413455555641373
-1.6672637944084003
0.2539893961729749
-0.6594885399989935
0.8036237788168393
0.9178905053807808
-0.5232454749444845
0.6109282375850507
0.9926575632425337
-1.1191050984594364
0.5336421088522166
-0.31813427183783594
-0.8122508061735164
-0.06626642530993834
-1.4135678290866973
-0.32204421642920866
2.4248331822260423
1.3374671884436447
-0.33089974497544344
0.80622535835954
1.165503868718853
-0.9597945474306597
-1.4966922754351644
-0.2900317838127121
-0.17294000615467178
-0.25229238430993906
0.06010590638455155
-0.14223152633036007
-0.5807028920735179
-0.6088932538438714
-2.2984810324070457
1.1478623204360223
0.6317698127497414
0.9830723675151126
0.5414455369977722
-0.5482693868918818
0.5769092698676538
-0.4146574414006897
0.47126044377110976
0.02558576852934216
-0.22162370432858183
-1.4270107024536287
-2.4703111355374063
-0.34621401533287743
-2.1811327341794353
0.5668476271141617
-0.8210949050406292
0.9419768096049985
-1.323740723277603
0.29382952192540174
0.10677086708228142
-1.518069529406848
-1.0494892255405888
0.5882212003934649
-0.3576197021087418
-1.181870345956739
1.7802889684100707
-1.2823977644966698
1.236506839026497
1.1461065761434979
-0.4108174832502043
-1.6256957699505508
-0.2640584458318838
-1.075595589324337
-0.7967961561783481
-0.663855424617538
-0.08514886259731307
1.0346994785670647
0.2868935368279355
-0.9676239481909666
0.8356718103280901
0.6612566992978068
-0.7461577279190637
-0.9890324847885144
1.291029843575823
1.143108468012335
-0.8662110423576362
-0.5732707720507548
-0.5070943406605551
1.6501923000426661
-1.0665063110238227
-0.22787426570392894
0.00046757534178929047
0.48895182110357643
-0.4068017591168455
0.6760453978199836
-1.0712626131807577
-0.5109998156051428
0.8048668543043478
-0.5161041585601025
-0.9779070494656769
2.1917292891588995
-0.4282990018815659
-1.5493788498003143
-0.8218165636733327
0.6939231994199822
1.1650437051252422
2.6779032833782797
0.8308566754473409
-1.306794061201128
-0.6321372545370361
-1.7605620832935636
-0.33966765523336767
-1.6402628349787125
0.07554105429474768
-0.6833473871312216
0.32530774890901704
1.2563879766424348
-0.7935542432887471
-0.553651348742851
-0.7484645067637066
0.0537476681352444
0.21664794631736656
1.5310187559716093
-0.19673492057078165
0.49483740870691
1.1057637585475033
1.013419195732098
0.45756812461735197
-0.6602485870164722
0.22520464312850164
-0.9905067155863869
-0.6678430908661867
1.112753756905473
-0.7737151452118618
-0.3225315615383424
0.7356543152136967
0.13908944381339677
0.09026592500107918
-0.3161455480785339
1.6024912442449732
1.235098326150596
-0.46156547011902904
-1.214319215848551
0.17210595029913278
0.9426304738940171
-0.8078878109477351
-0.5304405498407597
-0.21494355969356996
-0.08242188328535838
-1.2318124307551026
1.5848821475877177
-1.5497843244416196
0.44247620378041236
0.41262254903344936
-0.1426660582874194
-1.2715916374764125
0.1507261086666355
1.3053256196918985
0.2574380864441775
-2.53590551126002
-2.0385689624237884
-0.28924923853868617
0.45870773526528824
-0.6582142815330371
-1.2020175479804338
1.3581012491516673
0.15372136636535877
-0.9746723276122009
-0.24169840427705233
-0.8937946907134244
0.803220727607682
-0.17870839540069994
-0.32496116134053565
-0.43639636466064546
0.9992056355225085
-0.5694959631529729
0.7529536686449512
0.3005873087422261
-0.6414719160341428
1.9286284463594376
1.521181234570888
1.0292885020983202
-0.4706609372808896
0.5794925186246745
-1.3302647368830127
0.615436746064314
-1.8151105574722337
-0.6466861086988968
0.765219726026372
-1.3722703603537953
-0.9965609841931792
-0.6778353237723947
-0.44065974267602925
0.5127591171919951
0.5838200470259156
-0.2185579557940688
-1.0518871636548561
-0.9814673990709442
0.4424582161727001
-0.9714305991731484
0.7526816603717743
0.42948523786942205
0.47210922529879507
1.813306545717602
0.261648027414315
-0.1553644639655891
1.7508875935103565
0.6240521650525492
0.7573997418977556
-0.9282016301953151
0.11560851672334588
0.6119857755764816
0.8452423535920318
0.46846926494939867
-0.8822020916686704
-0.7644332731744597
-0.34372976102045116
-0.30225795872130656
0.5256295022057076
-0.0725786516786078
1.3412991043390334
0.30739884267647005
0.1195963657542341
-0.15297635477106922
-0.06127057244801359
-1.7816690560878687
-0.24553973594896916
0.04331201349140428
1.3096637391405095
0.2684485896728112
0.7937419974325666
0.02584935343899229
1.0063199035240418
-0.11103257688121798
0.2042889091851097
0.6113225636413407
1.0130083029398653
-0.10681970974455028
0.3529324114557402
0.1279047756026009
1.2075448937702928
-0.03133819904813993
0.09248385980536554
1.1596706348678913
-0.1758434147933044
-1.0465717181694911
1.1225072504995328
2.65728670159566
0.5111071954660535
-0.17627848634780283
0.06875087876207846
-0.17086638908613103
-0.33438788452381285
0.35426127279009856
0.3122084645331353
0.7985447032242445
0.34945152977937577
0.39107074797697705
0.6552872947219364
-0.3488961149321028
0.25340687604469797
1.1520598806554727
-0.9351887047792121
-1.4151812347146975
1.0481728358274987
1.9272492206358707
-0.34944118786236106
0.8108032518385403
-1.298093357519805
-0.12770394662404091
0.7931396729367073
-1.632531586637851
0.43154271663778826
1.2808074787740187
-1.4343824427131733
-0.44640193478886037
-0.6025505143116664
0.6994841056409432
-0.29700517370653584
0.545004574564611
-0.25471990571062336
1.9486120838214718
-0.03755916696646192
0.011984734520709401
-1.7657629537189399
0.1313711894191393
0.8033740188659461
-0.48713400278649505
-0.441760112597257
-0.22703704464708802
-0.8803246492095088
-0.06237649401504958
2.1863516739492574
-0.2780560356474075
0.023373885207591406
-0.2066056268862303
0.027629038782081533
2.0455231196003205
-0.009506851623464886
0.44593004529356334
-0.5259289365956501
-1.0713340390028452
1.4427883845775904
0.7864866847101702
-0.2560294084783926
-0.11555227757964481
0.09038187162788987
-0.9826289366609366
-0.7467994601969011
-1.2299954674817304
3.191187106030943
0.003559874277806095
0.6510307302300348
-0.6655632867678408
-2.2053702649956595
0.9222558997404711
0.21485691165763438
0.14864355827121845
0.9746910569679768
-0.10594475340043864
-0.6099707627536909
0.8101696580747054
1.0200251649619583
0.0957882622645703
0.564698102552546
-0.7453647948740647
0.40134096364742583
0.09825286824499063
0.0738730205026188
0.4140170895380467
0.7298470953694864
-1.6977535136995074
0.8532449284949899
-0.34112100229543396
0.24044286209181825
0.3050164519782876
1.3881196132468991
0.7314563419077854
2.2136888099512095
1.3828257729193343
0.8559212213976612
0.001838899716224785
0.17711847546639273
1.1667948690678203
-0.11715900156440245
-0.6731331167816962
0.5783549393735525
0.39718391132489966
1.0257496481676371
0.8777488289736435
1.5189796313071278
0.3727360541636065
0.19510277971645423
-0.45161251964342036
-0.5081685592484984
0.10055871343181261
-0.45125632397461557
-0.44786691050860195
-1.7195394513278628
-0.060992291936354366
-0.5350844769691314
-0.22899191601359625
0.10864494529254003
0.36250892572649157
-0.3658020916408355
1.1886895211777366
0.9393672889932403
0.7387489929808038
-1.3394657013496332
-0.4797363051077152
0.38972709456443866
-0.4334102712677329
-0.6065297063229883
-0.8345186840125493
-0.3205706199457068
-1.864684347464254
1.9500404513321363
0.14966509041231357
1.6147365448258257
-0.9440615679989979
-0.9686625930745049
0.9862423074022328
-1.5249177007257293
-1.6557429173747886
0.5052252899629549
-0.1247859972940957
0.7473916550928223
-1.2675990874381964
2.656392499772528
0.7983593472743367
0.7934016137418423
0.6697457332303378
-0.328190863667547
1.2302588413804054
-0.4748585527802287
0.8099708750816584
-0.21658634050772138
0.17309389201846137
-0.34719327396586697
-1.6745785021537667
0.23624956565655283
1.551117791959041
1.0682209014884707
0.03084122688387124
1.4870309307307044
-0.3023371275910803
0.6559210603838777
-1.3509373198932753
-0.20047788353407256
-0.2809209584450581
-1.1147738624484322
0.716883325027746
0.4431705627792807
1.2528695789843305
0.20577854146140356
-0.870446439012042
-1.178790651623399
1.3706408657910132
0.9995609311695148
0.6383376761853827
0.3016625208498339
1.1107674461478212
0.3159050076081563
-0.7861543892781913
-0.8778193459749473
0.8211631328199887
0.3527066679213888
-0.20940061686694306
0.09259703980741504
0.14105892528699343
1.3455089690020883
0.5189312273815098
-0.34540923791634787
0.8005076282884377
-0.688946161272374
-0.05041939680826563
1.8229757715577988
0.17555635199988578
1.557450198802727
-0.7072937106854624
1.6167678635206464
1.5488140836339461
1.9073080498697508
0.07112128957566266
-0.4767780877712937
0.5765083041822967
-0.2758485562916618
0.7380052098563463
1.2850301290952457
1.1124804563380948
-0.322389589464496
-0.2723049530603631
0.6584026185711109
-0.4987012048049568
-1.2512032935646207
-0.7912234784886355
0.4505188994624991
-0.03693874435584167
0.5534458420448144
0.09423508553514413
-0.698050255180533
1.7814355206948507
-2.138068091785483
-0.00832979225587096
-1.484526763114395
-0.6684667010762486
0.11804356538420663
-0.34699175078654837
-0.06680893869559794
1.01227639610573
-0.22885381971819865
0.18242941185621123
-0.35179632631146296
0.8967564322117815
1.139364930428897
1.2737919633027712
-1.036393452145291
-0.28340231047425285
-0.8757874097130535
0.04776044407303006
0.4365030885929627
-0.38257292870720144
-0.12252773776390981
-1.0825503479717486
-1.1541639961334824
-0.747084916796194
-0.5439241081332911
0.7965908960673032
-0.38339178193342477
-1.0355752388746313
0.4099030716198084
-0.012746551683646962
-0.42302899060751675
-1.2630042855530583
1.139856152990261
-0.3136226298054299
0.4395178323072729
0.04939917853305506
0.3348575155132745
-1.9860988536426114
2.356345085573634
0.7351030413873534
1.6538271849325974
1.4272255777908764
0.32279048748771955
-0.4826712803854741
0.5110993640157871
0.5090010679272227
0.34507863001484224
-0.20868378241752816
-0.5316286751072493
-1.204500823098758
0.6651823783820048
0.12868953263027985
-1.6347521065732702
-0.43076294936336684
-0.013667167723466517
1.3450468029586329
2.163873400749485
-2.236054905920176
0.007203811117232441
-0.22870723746134278
-0.6020703418202297
0.4119680664075542
-1.002947860162928
-1.6201057030833905
-1.1607499139924031
0.6565479526159256
-1.2392811641149981
-1.5512113648920924
1.7922247442473314
0.06774399727948614
-0.4582141048477334
-0.36165774270172585
1.0805256315523377
-1.445892942803927
0.6285778198214564
-0.33472040487665233
-0.24685966463949166
0.5010538721934039
0.2393990077917945
-0.14301874807345624
0.2191047043704484
-1.0750319618614723
1.0164001704976797
-0.7289382770471379
-2.146520394456122
-0.14177411727246161
0.24184489266788559
0.1441712335489157
0.13940819052937736
1.0971123944434518
-1.1942678350682947
1.2809780808427895
-0.5132827963571831
-0.5523127782738508
2.5144755344911434
0.22479623762261597
-0.23479301348960258
0.03880965821691001
0.10766523588910105
-2.0107022102095047
0.7976728401260781
0.8443018799885693
-0.7110650453495063
-0.5094571308610948
0.07645818851225311
0.7914779770018056
0.9101299900338521
-0.43870492368809894
-1.0851297175569885
2.480717711573937
-0.11545715029869366
-0.5452209976553078
0.9030523929787334
1.9146089319850605
-0.7718832456870256
-0.7872869449833885
-0.5389875142021726
-1.061894292487574
1.0580703799536832
0.6213906408953641
1.4992942207968718
1.041659519862904
-0.46401958430344553
1.0716033290984432
1.0713723097339816
-1.6994286650613564
0.766898639082158
-0.22703279195670215
0.5857665486411445
0.4043792766754011
0.6660932269550687
0.17688755418041588
-0.5138478208316338
0.27431730166994367
-0.06900271482741265
0.6733930295430981
-1.0506893690932853
0.6504923628322087
-0.33034722903734204
-0.6851985398225158
-0.022040357677245354
0.17382054416548046
0.5862996829334185
0.4757073462011931
0.26733400758557013
-1.7207063719325697
-1.320041279093654
-1.5762094710349213
1.1926674543065232
-0.9287374465250069
1.7485172698514575
0.33265271189389667
-0.3950035428284415
-0.06437708500825516
-0.41949687180759265
1.0745384960210684
0.6321682888403175
0.0559850852201723
0.22092975416670982
-2.41043052340301
-0.0820759398691963
0.6115773260899057
-0.988034416477867
0.151492518455796
-0.24287111471478398
-1.534191435174478
-0.46059434208022443
0.4997162321336479
1.2440990761335962
-0.5745583261388503
-0.1652175668731726
-0.42988880274799623
-0.6510172545143964
0.2038059332555327
-0.2852343670425583
-0.6991424465220597
-0.5685693694460998
-0.11701842835673494
1.2774923351095249
-0.5423847667782251
0.9824106943775397
1.8704755174683707
-0.5753597075062123
-0.5319775192162235
-1.3006911140273558
-0.9964002596181664
-0.6098709100436397
0.40372845213159414
0.26660403055822784
-1.2345315539700077
0.19074272442441542
0.47481822928246703
1.270382753000569
1.1978012884939522
-0.055869562756028626
0.5320915448862287
0.08157026572379039
0.07315845383700713
-0.9106649392163616
-0.9779772364065977
-0.792558604097313
0.19437511027375753
0.3712677192468493
0.5497996084782799
0.08871331620457387
0.4870267544353997
1.1243033559235078
0.15506308163096608
0.9838162032551744
0.38365787148883934
0.6633771545010141
0.5599381341325312
1.140628668461563
0.5600026462435973
-1.4437287446378426
-2.145108547360935
1.5294783204523736
0.02957836542547958
0.9200414301189158
0.07543449162328153
-0.4952905694782294
1.7872936546351859
0.135776901518496
0.078964792698363
1.7670336958248773
0.41031787807742015
-0.43552480653377473
1.0521279089244002
-0.5985771987504429
0.26752514156597157
0.1806177257845132
-1.145739368796552
0.4017026352422305
-1.8239624794050726
-0.5057379513029967
-1.3064759758774542
1.7651762951951873
0.6784642061609565
-1.5181400340641136
0.11254660877360696
0.9114297994823186
0.8603679003923388
0.8897343917512872
1.2208534082386873
1.128701925353655
1.1394647202256227
0.3359764437007568
0.6460958747029152
-0.6813216211681998
0.33888177670848774
-1.3913181400700507
0.8064845697622974
-0.26322377874465336
1.4678688252807102
-0.08433740892939633
0.7993848765599482
-1.3979584311803324
0.6820813936104819
-0.620584682728386
0.443372690238433
0.9258781340178712
-1.6650155477882813
1.1001971093672132
1.0652131152054776
1.7529988489958
-1.3676604867744795
-0.5732021117682858
1.0164117022780024
2.365528165585775
-0.7597166257985971
2.0083225724922484
-0.07709696628386935
-0.39765381853061943
-0.06298153801907283
-0.8856807378319093
-0.8618002430412575
-0.016130807362003865
-0.18822135273689075
0.24116460813364615
-0.1143420938139629
1.3108640634075706
0.29394368655499015
0.4975055828309159
-0.8028012688518869
0.8635075662652794
-0.0036448010214001248
0.39959292518787165
0.32317334368734063
-2.1898572928835676
0.9900567821693228
1.5667088790810912
-0.37252777877076876
-0.6180513896772594
-1.1811285721235107
-0.8665011733325728
-0.6835706705116049
0.006552924994450482
-0.6465486628527097
0.44779097123554384
1.0523234883000647
-1.834249317884549
0.1047474498967273
0.6843960728775431
-0.06334477544394944
0.8354985452010248
-0.44532258768445787
0.9494800155918014
-0.816828021445788
0.6412231345559176
0.4302140474305558
0.789667581538035
-1.1393362189188834
1.2308264903057005
0.9098583975221173
1.4197963900862727
-1.1031205773657278
-1.1302583863564886
-0.34580721681239046
-0.3313175202769321
0.855130128147043
-0.7673428251528308
1.7361485233355107
-0.5222585983949564
-0.08007902236323042
0.010437457829688362
-0.18581122360878866
-1.7634821835527732
0.41363075531077576
-0.16721514857143852
1.8901205594330375
-1.2167679483008376
-1.107866845725114
0.11038970739081493
-0.7434210068572493
-0.5221560251197476
0.8716135606969707
-0.019831384428679936
0.9693085622561983
-1.91646542193345
0.601763311370127
0.8604317089776976
-0.5314221748559526
-0.9195275353430923
0.9561013397482534
-0.5196719694826155
-0.6128818813697201
-1.6354605038319017
0.5090712700921132
1.3471652864232089
0.2946455568530432
0.08769917649214934
-0.9541748505153059
-1.5114686558447696
0.9943490443775868
1.0684188870508646
-1.644731103004578
1.074518384309032
1.4685454209286712
-1.5092940878304955
-0.5667721947810281
1.2193134617688457
0.6495457157739455
-2.270597856366842
-0.708827620346213
-1.4022314329623422
-0.19317370959167648
0.24748056021119624
-0.45476722321141627
0.7329616021439671
-0.18274216048181383
1.1668555547763018
2.0182893289781143
0.6790096833357091
-0.9603528077123953
1.469088766192079
0.7189486902918639
0.5506322510461856
0.810436987673132
-0.2671587804626444
0.8202937734777269
-1.4209026054687628
0.7841732811504558
-0.5734480219837793
-1.0491329074669273
0.9536548463248924
0.6112836687548941
1.2557847980858707
-0.7801119329346553
1.0053734680095485
-0.22589277869982774
-0.6689271967444509
-1.154717142515776
1.01057932602144
-0.08438437083752164
-1.2155032852340906
0.5738462742545586
0.7689972447705702
1.157720465551735
1.1414011051140842
0.3165092233225554
0.47350511838801385
0.5968313781153486
-0.5752128094712902
-1.8917285749570572
0.19548768540959632
1.2663236830690123
-0.15867636629015713
-0.46134839673932465
-0.3212952077962927
-1.5091266375687025
1.5824019063310488
-1.186069267528324
-0.28175239530544627
-1.0928821696844322
-0.23371745855146675
0.569151975208133
0.17787878133421617
1.0013164316260506
-2.2645646899551823
-0.62878091047136
-0.2893740992014247
1.1996811627624622
0.17126975106046008
1.0998918025889772
-1.0530807583915447
0.6267927995001814
0.5001870866049891
0.3106559308766945
-0.5720080506072021
0.1073904001041286
-1.3124117644709838
-0.4445315342831039
-0.7777962144553452
0.14591454518925187
0.3256112348988955
-0.28919314642962773
-0.3857773468610856
-0.04192881597767203
-1.1328930207386547
0.6720880997783815
0.027093597736611377
1.7005803615905846
-0.4238279185584872
-0.08961039281487819
-0.8075578475239478
0.7114312029724259
0.1338134818301519
-1.4874187665488388
-0.5818618170844642
-1.2445292324073312
0.814121363343864
1.098043951477684
-0.9067243922618651
0.5481048100675496
-0.23001592130169446
-0.2151528897110612
-0.5261687401760476
-0.2813797044143784
0.899798681067799
0.1850826149229288
-0.25765843093417906
1.6013285579837975
0.25020260096262664
0.4899749097489495
-0.07670806666316404
-1.4445804549734067
0.1721590824174884
-0.34311539642503736
0.18184236334421242
1.4331658421752023
0.014532078053417477
-0.16326837239503994
-0.4192289357148085
-1.1135777282730426
-0.08879335465715392
1.271774747046467
-0.04166944430909501
2.465267071097679
-1.1900915393793592
-1.5439278542422383
0.22806335648074738
-0.7392120800018109
-0.5472669455890746
-0.0029312722914394853
0.5771536168310251
0.15138781571866636
-1.8877187342428055
0.15531882122264148
0.8617216570178419
1.2535039293611017
3.2164722788375637
0.09465766041511643
-0.45987414731907234
0.11633036172552676
-0.8977738561154198
-1.1941818854002004
-1.8477683443452464
-0.5013244956309169
1.3833078716388603
-0.9166562396925431
0.0020146385926322207
-0.1268508234736185
0.8720322974122877
-1.576526778501402
0.6630598943214178
-1.2934925957694021
1.846345293308434
-1.4434592943382083
-0.17989154866293758
1.0538194937178196
-2.1655382749508347
2.214366874048284
-0.6164658847739373
-1.3862231823530122
1.888836865480204
-0.5224757750269189
2.4492723405886045
-0.3348747823304458
1.0856704711838632
0.8509042191953619
0.2765308877711254
0.2504331099845921
0.19032198396252772
0.11484358702521279
1.4102677472286282
-0.6599698740793355
-0.9747873963702579
1.5760903170126592
1.3449821662834505
-0.2395385024410532
1.0628791743865675
0.5884259728396647
0.22101812887646208
-0.035636474611450836
-0.03662881079651223
0.35358292701816274
-0.20808176677571882
0.8442867079535001
-1.335890492692943
-0.7159046251510706
-0.14983130431291472
2.8083328104180816
-1.4343883005003482
-2.715627181730141
1.794316403941888
0.23701003304104307
-0.1666138988185487
-0.7112149246278616
-2.885588117458058
-1.4382252082081144
0.8265990287876228
0.9020898979215299
-0.9322117403441085
-0.43719090710447006
-1.5349278294517734
0.05674853151466825
1.0613095966264086
-1.381382239010459
0.925931991997928
-0.534249532247269
-1.4664080219828262
-0.21980191010699718
0.41529793049946534
1.1769235747051034
-0.5437026447735251
0.04887763134513484
-0.5081851125043014
1.1516355168099772
0.22665124650512747
-0.10733151222284076
-0.7064594263166936
-0.1466547559349801
-0.07520412395490125
1.632270958437479
-0.9166864996678619
-0.1170406295905908
-1.3373420425472722
0.8757415641249255
0.26125244289265115
0.5199517166045509
1.2923020703803896
-0.03633569645676354
-0.08047351788658136
-0.22775948710352087
-0.3616150248269871
-0.2602277514688882
-0.22444712208167808
2.095580553639199
-0.578482702685313
0.02057022799986801
0.41190471927546274
0.3370527476144792
1.0561057602189894
-1.7582013736451956
1.1091543664634849
1.2272541848461958
1.094362972958622
-0.9302312012149367
-1.2329786607600752
0.309780064793616
-1.4657691345764379
-0.07310380148984069
1.989782042115878
1.0135300399265126
0.022327501480196223
0.4519646303519353
0.792328504768225
-0.09929176400802789
1.7504303919964108
-0.9329330285173189
0.49980425150308283
-0.12817791255383107
-0.6635564066490531
-0.23216558000893292
0.1275378054585843
0.699921281546686
0.2191775547020645
-1.2476383843068208
1.3960901198626954
1.1501772309862943
0.5952625031831731
-0.6882856484033122
-0.889515198750749
-0.1638280006431351
1.6949771096194954
-1.4444021014660227
0.6730300829935233
1.0192708643448527
-0.18240411960476613
1.0304143688661784
-0.7474158891439259
0.38335724933018
0.2513065932666224
-0.6842553109141135
0.745599454144134
-0.7396181106528004
-0.034503288390727894
-2.5962414932071116
-0.9564926504223238
0.7513199965613472
-0.7633517879820766
-1.200796015875156
0.1504640911499691
-0.46943839150658623
-0.30891053658365425
-0.04752589452008649
-0.8377649811131437
-0.9285202568773263
0.7280153387719405
-0.5652426115253464
1.2870437142079127
1.2151100514396294
0.40835061827570474
0.6667313774627057
-0.39786164521163553
-0.17504000553672508
0.02398694579472455
0.358886715546465
-1.1649966769133002
0.39989364775195857
0.9260937567126964
0.49776160634258815
-1.1883148952071159
0.5030457441327849
-0.6344912594625391
1.4094037655957146
-0.11082002888552123
-1.2220748609381544
-1.3235301200848586
-0.11791990569147019
-0.7918149116618474
-0.25516475082544
-0.6942678050663867
-0.8819117962990937
0.8000630271100072
1.11738269619264
-0.8434291142962302
-1.2901037681355385
-0.15038265378184226
-0.13079458697891716
-0.23194966174975373
0.4050792831502122
0.22059208587393425
0.8546283024228836
0.21094698905312467
0.7319867560836045
0.8589405618823454
-1.3496904475260467
1.7272492431944986
1.2469381665470674
0.6780066863575992
0.8007965674380043
-0.0932429843821291
-0.08326647742068072
0.6370992188378959
-2.3851729792844356
1.1908594725842108
-1.0926863093703632
0.5152286565898377
0.6527332472809306
-0.11568563067159866
-0.2521810884424827
-0.8088816509685364
-0.9953974570385832
-0.39057773602394436
-1.4382023208947192
-1.027846122806399
-0.9805930370189019
-0.21484309520808467
0.9647956539076533
0.4082531589334503
1.678088246793889
0.5988164065135213
1.0859549623842755
-1.201586695443618
0.2095232751980125
1.321048335458635
-1.106813779344453
1.1167498474541901
-2.241424143302923
-1.205059678684393
1.6871339863660069
0.709414832368463
-0.5607780757034263
-0.3633131617524451
0.05786662826644661
0.439418040438909
-1.4900902544414611
2.2023493587891285
-1.539958334146888
-0.9359041537349234
-0.0430616355892298
1.0309724422855326
0.782165906048647
-0.263825071271747
0.3054725506732695
-0.1154562876479692
-0.1965914814757096
1.9680211743154308
0.5492607010413522
-0.5290384084329935
1.0712444816954185
0.09379002878337864
-0.037703347886606446
-1.118310152122254
-0.7097735968574773
2.1760124542315724
-1.0117514807163164
0.4821179026166014
1.030058349658026
-1.693935927323374
0.8067609202408622
-0.03113749009909964
-0.6569458756523198
1.8498867051949484
-1.1737729037381286
1.0702319587049636
1.6902884867916177
-1.3115750574587288
-0.460205837515594
-0.9571407294940459
0.11945699806926208
-0.7632162138090478
-1.4929770315235695
-1.2261027207720834
-1.0125261672740264
-0.8146626611265455
-1.7141216604710003
-0.053416270686721265
0.010013538189439628
-1.947153780885806
-0.7389407819149741
-1.7884574097939652
0.2113082261133355
-1.0394745195194048
0.2572808002840495
1.163694759352363
-0.6037131073887502
1.5189369997770064
0.6235117454847676
-0.8152548465848324
0.22821303822071415
-0.4492050468158063
-0.10970232037255909
0.7674284058645615
-0.6983741244371449
0.020851181054294808
-0.06569638233622464
0.5048550348389222
-0.39754529548950607
-2.0520465423417393
1.1247907762049916
1.0112891778416317
0.010004502751975711
-1.0852094292625145
-0.08332458209077152
-1.1616887483412384
1.1616004691487607
0.5881365513235959
1.205538253417589
-1.4835881749781932
0.30571794942156333
0.48671859401645085
0.2245227667589225
0.3446043656118549
-0.42215516533875813
-0.822088305115688
-0.1568083303719105
-0.15872614048507103
0.3029685441876565
-0.6640923556102113
0.8390754032264572
0.04180316062304897
-1.0158638957780397
-0.9882555555218839
0.6084561392775006
-1.16463365451299
0.36218102068105296
0.4040994727297377
1.2411221296578885
-1.5123346554122064
-0.4314560916017953
-0.3517603872186786
0.04230646387507375
0.43989368048314836
0.8590444494685818
0.18680491288331014
1.011300821033611
1.3565426000304563
-1.204810878443647
0.17768558287783434
0.2209407076627524
-0.7904219961410751
0.6078340688788479
0.7880807400537415
-1.5597424972866971
0.639365283384683
0.11164477837411275
-0.9207438478465433
-0.37637769633803453
-0.10848211769683777
0.6088883989730045
0.014263225390671722
0.3265804227189199
-1.1766137252830715
0.049931556758599116
-0.5700018403879252
1.1137584173045711
-1.0038069735072968
1.006780824789003
1.879918488824131
-0.1409603079030163
-1.0234860174915923
1.2146761414893845
1.1970374766897909
1.6979086297800137
-1.6781307576623095
0.6530106318294036
0.0483109586171376
0.35621253672913455
0.4709463142545269
-0.04364131949508708
-0.6288388510759194
-0.9901179521204171
1.2687695000497325
0.47004410631255866
-0.10279245624085859
-0.5923251773684289
0.6289165863007823
1.4828443095440913
0.40921848798833227
-0.6841952025035309
-0.21141368405596395
0.3733036610285229
0.5699265018782868
0.8128944356007927
-1.7697597684649828
0.7428427420902709
0.38740946794826914
0.36711091352499564
-1.8129128734796809
-0.6496383111944212
-0.8535775750741983
0.21454039798607405
1.0195813429235903
-1.1771456036967454
-0.9764806943158036
0.8515777063077847
-1.294400963245398
-0.646861662015758
-1.7464810747338424
0.040604395424322266
-1.047545215254549
0.45071970953660406
-2.3840763797242004
0.0346907431906394
-0.9715509771687724
-0.09849562773191922
0.6340398470056442
-0.8506674647145575
1.2354885107144022
-1.4673920279772443
1.264011241082189
-0.3252937943569317
0.47536594723934983
0.5016003532948281
-0.4169158183161287
0.5204060497973146
-1.1155521742451677
1.3422066306854112
0.8149359259925837
-0.38374913613163647
1.6985446361284449
0.09178278198101923
-0.4714752856961529
2.0796175824227885
-0.4694946131309425
0.38707039539927673
-3.216694778480113
-1.057930896570068
-0.15728740534827035
1.1858385289244031
-0.6306897801761505
0.02043868696049772
0.017015127272830617
1.4889948219252522
0.9766875698893174
-0.48882168956885896
-0.06543545031681547
-0.051720404893649805
-1.850460909746345
-1.0168882143269065
2.0120294020919247
0.7864207339150096
0.43439787343024777
-0.7408563636743825
0.3404757567505909
-1.5308343914424432
-0.7467852034169902
0.7333059728308539
-0.8065710391202779
0.2379577379065319
-0.1439008735432379
-0.47079509225935323
1.441683713327684
-0.5575705688050988
0.8830155216223831
-1.3623687388494525
0.4083694600934233
-0.10483089572300507
0.8062472364142732
1.0833222606593562
1.8554701389376365
0.2586251347760077
-0.12417148971959639
-1.530765161968182
0.5399793456997201
0.1312995971601726
-0.26506454847435
-0.12405096770532154
-0.2711547392218386
1.3938120465666244
0.17976866315667347
-1.169334972254339
0.023977413276752804
1.6547159757529393
-0.603791546483415
1.002901937132387
1.3137760284232396
2.0296966767320703
-0.5220793305183237
-0.7266650756678118
0.9939303621308136
1.2364562068602594
0.021052949379163983
1.6448513516658194
0.17257656040706615
0.10219519785518362
0.4698688372223429
-0.6748219655315929
0.4424944780265111
1.4851771329152104
0.0797449689771357
-1.2474460653843646
-0.4098957891958996
-0.2567507255721685
1.0368921898366947
0.3965783650493437
-0.4249985992148886
-2.4516416919039288
0.31475035570088067
-1.0479496887032567
-1.4241842240997777
0.03142846547781473
-1.3992405825972198
-0.1986025580629963
0.06838106598698
-0.9488284177872326
-1.315674107332994
0.36934513084215026
0.23289538606691393
-2.1060250893490773
-1.5095143880618693
1.0323667318549055
-0.9043332116392416
0.8118604832446554
-0.2077161085785341
-1.2194051912324
-0.43330688448675536
0.3531982329970959
0.19068467470192943
-0.3623101659807944
0.13496275723790652
-0.27428982913952943
-0.07011402536551735
-0.1253825883818924
0.2600287311120101
-0.37728934351410637
-0.447223766581246
-2.1352633494496693
0.6898438116040029
1.1451156453691411
0.5017355888671511
-0.9622156205925045
-0.36259343845355363
-0.829750744427024
0.2775806662891765
-1.4705489351524557
0.615684154090808
-0.15447655071414781
0.6121391833678437
-0.894031897210596
1.2821565004244062
0.23845747192097105
0.4083668958824918
-0.3030362146011474
-0.612000799994412
1.3865602966793253
-1.0488909515759823
-0.16941704470529756
0.15443328048830818
-0.06419982157204143
-0.4615263387569541
0.9675108494162314
-0.2422358386930612
-0.7679912369985665
1.082798024568987
1.3288505849671386
-0.7631252592249664
-0.7573962202162469
-0.28141458099017863
0.41407886035778324
0.9114375175296136
0.18797153876054037
-1.1328932890640055
-0.037565241489120244
-0.18791526239039336
1.6054115614851672
0.34308953198303604
-1.4790298796431667
-0.5948873861005762
2.7673746282065337
0.11151751876319216
-1.3599922465827414
0.5644631040225906
-0.11953426714917832
0.12369934262250927
0.5230840532244853
-0.9739277702752531
1.6460979380180147
1.8571797774149434
-0.25151010361815895
0.9771328157284744
0.9596360386049465
-1.498179361655923
0.59217709266186
-0.3714109502524967
0.25303734316078696
-0.9554342028262727
-1.125782912959032
-0.8351744034592382
1.1684956686276735
0.25914765911687493
-0.7936801905508042
-0.9609187856669997
0.6294129833482275
0.41893414872025914
0.06162655303999952
-0.03356686306396724
-0.3239045807347736
1.4130698001690614
-1.042644915187472
0.06982926126614719
2.2312075456822305
0.007557196064512962
0.9472884516231794
-1.2405355750721099
0.5555429211912509
1.5313215891821006
-0.7054951333735148
-0.27833903135749216
-2.593235343467199
0.14873985555295643
0.6798744234445168
0.4048043665533891
-0.7118519729111185
-0.4349969606620625
0.06010287810106013
-0.3183161504250315
-0.21451453509644217
1.2799509453516051
-1.3571600027181185
1.4931595502205657
-0.4572648456631655
-0.6650152560761786
3.280002891486318
-0.4749683553460523
-0.7406315443470437
2.043242528931052
-1.6623240366866017
2.3827061587092886
-0.2357571811141734
-0.3616591139153837
-1.8882829814224358
-0.9226853641770992
0.5490778009803269
2.049690424730359
-0.7302383691347949
0.8882488358902295
2.3452492340430697
0.9543386947838715
0.5802489505021827
-0.49703159221526394
-1.8544221647414192
-0.20731905973800804
-1.268387281053896
0.5550284095119506
-0.7380660831856612
0.9012797580693169
1.0528316990727276
-0.9681037296498769
0.25525449212209633
1.4846228415434364
1.350619545658776
-1.1274724150289004
0.40574515135812933
2.302142105642799
0.44651715437470474
-1.2961954169195773
-1.040411909297155
0.7591883532363317
1.1399405677786136
0.7936079611627037
0.9814116029873049
-0.0831863147927917
-0.5579721868876687
-0.678265198442387
0.41151298135779046
1.9152131143560804
-0.08658662246928585
-1.0780160365476763
0.8683248554682136
0.03880441587638449
0.3781733322945717
-0.3098886967715724
0.201460551322531
-0.6044293887623139
0.35616485836564177
-1.0112131626071466
-0.9278815289547312
-0.4478424872569197
-1.6198272291841602
-1.8119759490430398
-0.5525121561403338
0.8748580520740614
-0.6840737086774054
-0.31238528989654024
0.685099136526441
0.9835856365631972
0.5331683409529314
1.4521999577527522
1.4041566024004268
1.969226710911221
0.7125747314585207
-1.105900890261149
-1.1005593255340225
0.2927297020384754
1.1625004463645987
-0.25372391171032954
2.047488086173003
-1.7694193217812022
-1.3037694842524459
-0.7627402127470917
1.2439101609509762
0.7076936163390148
-0.4808141984944826
0.13603008411671236
-0.36774134035793543
0.2358491594746238
-0.3460033368030752
0.3093787901708273
-0.22721919745952268
1.9979138192310169
0.757176669286699
-0.5867913259172702
-0.3874374794829422
0.17549171190323684
-0.2414637937206058
1.6806451766471149
0.0013549065154602599
-0.19854453677840336
1.0491093521805483
0.20958195826597856
0.27246269567424425
0.14095627642997152
-0.9251051276740226
-0.7616513632492562
1.2881070815779176
1.8099596625547025
0.41943041358065797
0.471256961745883
-1.4827844220359858
1.4609946488212473
0.5374100186594815
-0.1330460799624544
1.851975990700171
-0.9908399597541321
-1.9175905701703029
-0.9075453922757559
-0.39393754540214887
1.5063813277811136
-0.019362274809890265
-1.5559345714583297
-1.4484041422173661
-0.7106452096717643
1.3211962145785077
0.2554550066511014
-0.5517083690372953
0.15723707865170664
-0.47529435777315837
0.2672406084235004
0.48856601303422137
0.4564910175502193
1.0119540014409867
-0.3768104845452436
-1.2800283028085717
0.5342898098580182
-0.26227724595284785
-2.2154845330969675
-0.5814834137124958
1.6477398854649372
-1.0502298641052044
0.47515089742299366
0.27991776602492624
0.3054171457461746
-0.338282411244225
0.8027424380556442
0.5432622098035577
-1.0040096201178088
0.09454084150564435
-0.13544923271162324
1.1167638248337712
-1.5336432474008548
-1.016990038878878
-1.3638085186545434
-0.8232417674785685
-0.8759964425382887
0.7899237833353134
-0.6487996295502537
-0.7547420118749336
-0.3048439970211954
-0.27844592028586795
-0.38329636638919873
0.5464306099177192
0.5667153998945365
-0.18665573341535072
-1.5332109144002688
-1.4694345761427017
1.155463468109185
-0.10164914745429376
1.4362485061409411
-0.9016056421990468
-0.6108607794176002
-0.04248149977799867
1.6121895180007229
-0.4811850713472145
-0.5400422480598683
0.31684369810165247
0.7408562440746723
-0.41390194852001816
0.27958941289716616
-1.2104246291803475
1.556681739346292
-1.2109183292320307
-0.5455272761830078
0.33312136210158383
-0.85320326972563
0.0557485485166076
-0.526453344173556
0.6367688665511695
0.4993784011161171
-0.9041651107144045
2.232093488530214
0.6140348104074834
-0.5077438617543469
0.8275598567181427
-0.07533392765555295
0.30575802362248367
-1.5810601979153693
0.3737735711343573
-0.20184192412596733
0.618766424820089
-0.1418876651419375
1.96097721525738
-0.4602006335763349
-0.7740777443846462
1.4478983665051564
1.1202273160253164
-0.5386894349092534
0.8927867419478367
-0.029155126970145512
-0.7267003797971656
0.6394027762679563
-0.37479261999939556
-0.9096054107671144
-0.6940710113924596
-1.4532055632220071
1.1581351850966801
0.2722262249278708
0.38319722736562034
0.11446126041367834
-0.05039025041471326
0.024289105019938282
0.7191631312177538
-0.5154187669716372
-1.4583383253372104
2.160305236754959
-0.31672028707166255
-0.3742043785213925
0.5060499596959004
1.158004127424606
-0.39448965447224027
0.5846582448504836
-1.148879038205722
0.4407238418926396
-0.4612496174503747
1.0730834486401928
-1.0842189068962402
1.1863852661191001
1.9198056740608855
0.4331629494531951
0.38323797039104557
-0.9263478613905373
0.17061927069980476
0.026822721261724292
0.6516829975462731
1.0765927908682908
-1.4539034721197344
-0.40539625720218203
0.759959362755808
-0.8539594860947192
0.7911295610561632
-0.5026997723243367
-0.8874539021117613
0.20633545092946062
-1.1587739350642834
-0.6442073692683256
-1.440470594261894
0.5549581324792389
-1.1861661195949
-0.15150568227648908
1.0167753608665175
0.6771528621659936
0.9456833693925956
-0.6795133732349091
0.9345737833302509
-0.7680320909141792
1.3799187736141587
-0.8365109514491191
-1.609186300237561
-1.4816379032768578
0.8487454572745303
-0.00047249901068686966
0.4437766857275998
-0.5920973775795675
0.306405849411811
0.13221375777433933
-0.7277349157337403
-1.710037852354887
0.11653777814049367
1.1304628450217395
-0.3573053898356104
-0.5473291079925308
-1.1144881723859104
0.3741305979989921
-1.210601531347512
0.5652071977623513
1.6005355269532364
1.1675882794336738
-0.8565892138512496
-0.3177593931443433
-0.531901162584945
1.841034252451879
-1.03568441046149
-0.10628711307132134
1.0436826018247154
-0.5680661869496406
-3.4672842782180453
1.3937937593131793
-1.0394314281058785
-0.24802903924158173
1.3107479657252699
-0.941518745028342
-1.0779835671991354
0.1251411245570339
-0.40195509624952275
-0.515864211216936
0.2853614531207919
1.0216495747965402
-1.0776426003943085
-1.0268133682620373
1.271301181891906
-0.7642888526292214
-0.43894715219315766
-2.1350975675091983
0.003343390779978198
-0.9605435823830111
-1.6269551707347496
-2.1821874998653414
1.7376056661302512
1.5940768771925942
0.05881778031127176
0.18502431157615368
0.41738290220680796
1.0237732488803666
-0.2833747964841227
-0.3384499288611572
-0.42710810132438237
-0.6752273566867845
-0.421878149601363
-1.8653773475034736
0.06988971799674984
-0.5049961217634418
0.8459809501402576
-0.7754061115096684
-0.9713568761986526
0.9813392241922471
-1.525226463890446
-0.6809226566730581
0.03350157553294663
-0.37516401205214484
-0.9859682891778971
0.7052140978389068
-0.06014372541389904
0.788777772345306
-0.7137204868069386
0.8135762405611418
-0.5751482195641809
1.4883102137516495
-0.8230552162637337
1.0869192406148973
-0.32231359994217235
0.8629046645891675
0.10713435819716999
-0.9120453981512534
-0.5406230600127996
-0.7068970370227293
-0.20592085675060215
-0.9029195875967619
0.1830343980940832
-0.052708280607445465
0.21293110912506996
-1.6190499984987656
-1.0712306835996532
0.13825227906005627
-0.16966502690285215
-1.1280073362997245
-0.9171802033950646
-2.617932429982718
1.9728190496456772
0.6379464885968555
1.1279160449457546
0.6522109184214692
-0.48439229744800216
-1.0075878121680655
-2.3818724713476174
0.40067608500912316
0.5872852780418015
0.3887161612006164
1.3370115074253621
0.6472880958160863
1.667378758465054
-0.1500101444851549
0.4929474324029442
0.09916854939605549
-0.09040775387828186
-0.014287310074864265
-0.11256292606266903
0.33831330190572306
-0.7824564273130283
1.9408458326079978
-0.22929460016072542
0.3866558842546489
1.399794267615531
-0.5360791375178042
1.3853687056952237
1.5516088474372134
-0.5270261775770093
0.5138429324450167
1.2059451723243102
-0.5091189815711055
1.699910351670715
-0.6992530847096552
0.5482976170278072
1.1791773693167484
0.5058607007282758
-0.11223298379371421
0.09806165399673422
-0.435748351646178
0.5328874850427275
0.12536017462435353
-0.1827406101601774
-0.8046828950695162
-0.24381441976596835
-0.4691314127773775
-1.1661934962589255
-2.083170264710571
0.12197913577900274
-0.7238173487401924
1.1102887435596716
0.19516373456314168
-0.14928371083862077
-0.400137527424987
0.31079984888322704
0.4788770450403616
1.863411589989962
1.8177763592867393
0.9238129541658755
-0.13042239968719685
1.548454343338319
-1.1984869123364872
-0.933581652349861
-1.1791087899054884
0.42651124234015836
0.30174178848856226
-1.3855652006813648
-0.7385881960263416
-0.9523308573640658
-0.1864670755518019
-1.573408039840537
0.7497020747052893
-1.8463205829355598
-0.20916817460498177
-1.8483784443646785
-0.700490196774981
2.15754118565381
-0.02020998574010855
-0.07389651611750482
-0.9493888141180965
-0.5036289964921057
0.11814127486996573
-1.0614504413334893
-1.1206235256682893
0.8314714731109754
-1.5166940344206128
-0.9106775867276997
-0.8858538655368646
1.932360616198518
1.1876253458578732
2.348792750886174
-0.4500572148263022
-0.3122097680650106
0.6661666925286208
-1.5187017021035232
0.026573543577400063
-0.1976167139261156
0.8667077029483751
0.19105826148080823
-0.9164625056422748
-0.6456252641007231
-0.30642130725380323
0.2225078608317141
0.5837527861502105
-1.0488842992618093
-0.293764159008656
1.1876991784618036
-1.7811504308183015
-0.7473186296872768
-0.16665063471878053
0.16581614949070922
0.26263180051006896
0.5368214010160541
-0.21875193531467788
1.0336280509331424
-1.4056465067487065
0.17342672362008735
0.3141366862442525
1.0207727782708318
0.37624568827018096
0.51408596952204
0.4377475768517993
-0.09980873218815255
0.830437557436688
-0.026204037877843245
0.40748987793381103
-0.581620843483763
0.003980514082323919
1.3350081311037876
0.5412498506773581
-0.5756618422521652
0.6164049273295448
0.1973036887761176
-0.5024065866728139
0.06825365991133626
-0.036118775553235435
-0.06612478566994355
0.08830572828788967
0.9691000991465221
-1.6913766111204191
1.188960286096372
-0.14621224911630726
0.2312409356455686
1.5224081919494143
-0.29317013513773776
-0.22397436239941687
0.5996124208398012
-0.6181767813090101
-0.009619252324327466
-0.7588427467528459
-0.7495055742242727
-0.7272133384411124
-0.862094526009318
1.7508492010998453
-0.8668115747054815
-0.9942006073191603
0.4125448529372068
-1.8799235067181723
-0.7660715920377537
-1.438213713739831
0.5367347752239218
-0.6805790591089419
-1.064822026308897
-0.988879147879694
-0.13502210632389355
0.31971732724648005
1.7559512262054386
0.10393367456098632
0.32991860716809107
0.6681345361649309
-0.6047435984445017
-0.7104805215596949
0.31714728069020787
-0.8216662869892404
1.4189731923741857
-1.0575088454404205
-1.1918286289128932
1.1454365284872146
1.5340061243322314
1.3426395824467978
1.1080496555738972
-0.684194323979788
-0.2515145655421759
0.5109403746600898
1.013482133594261
-0.4022140407152051
1.6218108249549477
-0.6530411992941288
-0.4291293140642314
0.062300985729452835
0.1747884838855548
1.0033148958716913
0.35607875583593335
0.25949884294239906
0.9140390940607841
0.4804881905592832
-0.3453444955614148
-1.2098186809649234
0.932770121179969
0.7096675608426575
-0.6658556193840797
-2.92946066799744
-0.3331345479989007
0.5262962104102873
-0.3824890255311949
-0.4999047410857531
0.8423829302910433
0.5958787713655375
-0.20359224899174785
0.32500685819240505
-0.48228754674989976
-0.9566903950483153
0.7249857756675315
-1.0340858389694336
-0.19365579135294145
0.5678255864698681
0.7544237328222931
0.04322731966227452
-3.1303530982028818
0.41922080611495194
-0.021346735858137105
-0.9413411595905505
0.11000651802298828
0.24609450158017826
0.07644126536129825
1.0061687132423633
1.2055692791913346
-1.104461163790526
-0.25377997308841094
1.3621147669641405
-1.4702401881804588
0.901248144336351
-1.5982577924172836
0.7784843997603877
0.20842777207368726
1.089770470183626
-0.5841383988981079
0.3662482931987931
-0.32210336474986206
1.6425864344296723
1.3956454770613862
1.3291710186536443
1.2931118137669704
-0.8802214052627263
-0.16995219313734516
1.0776421001953946
-0.6572011719263514
-0.33298807219942067
0.41795903828427633
0.43556087617615785
0.5680193485400823
1.313028526226531
-1.2591537050113628
-1.7875711932160143
-0.31745920554759727
0.748067265034788
-0.36549296620095184
1.2450868992642552
-0.6722535065315582
0.06379387803818566
-2.441794727147032
0.1809761273446137
-1.5071344246120122
-1.6146268903979382
-0.4302455793649676
-1.7192223104825628
1.4909086055223206
-0.863498787326442
0.5131153494050834
-0.26853735071600116
-1.1891574444367816
-0.44193236960628174
1.5920043436345512
0.47013404534771736
0.4135410760692556
-0.792574702125188
-1.3351659510910827
1.1568690334651563
0.014012919804291379
0.4018516773483672
1.4426304655769349
-1.6320454610896853
0.12219868506885145
-0.46550338113067186
-1.5957987426776592
0.9261844359791447
-1.7344865707261268
0.7676491304053075
-0.4968620825776204
-0.6761862644547724
-0.5976760702210326
1.1918950971163722
-0.7128150099324206
0.1786315023773521
0.7456386898387021
-0.08037944627825513
-0.9840513124682789
-1.2970705049539808
-1.0768985577117771
-0.13166367310483862
-2.024103434156429
0.12288001998428738
0.47719091426295046
1.4173913207018933
-1.2896910655440832
0.5620493572597695
0.9100104678687722
1.1361701236332256
-0.036928325159627864
1.6174187308166592
0.6058434477724617
1.340487942521905
-0.6837400567205769
0.02558815503985436
-1.7770046035643103
0.21331597492653404
-0.08514267740499
0.0038583876580529364
-1.3781013738929813
1.4252388856084333
0.2652181839157439
0.5666063503797156
-1.3267425685756191
-0.5102967401528262
0.6295270035029278
1.8936430121306596
1.7173106601659427
1.5911177883127514
0.5465867577064204
-0.25448855301315065
-0.3527206628161668
-2.068023210049214
-1.505115465971521
0.7470603163038421
0.6336381504088875
0.345008911156051
-0.4443813285875895
1.5417339620357022
-0.5800616173530301
-1.0184318200471445
-1.1740055776071272
-0.7404239140085567
-1.035700051064727
-1.817642120541611
-0.2843649204503375
0.6784828452165343
0.2223275597653856
1.347253278609772
0.7046971699512188
-0.8955317819054834
1.2134114237788993
0.6880398867932818
0.702616084005438
0.47392580044181615
-0.6152373903281135
0.5102099562544741
-0.2634640716448902
-0.7136481321653011
-0.016717009673217324
-1.6508444462990064
2.8543241575186515
-1.3268274355577172
-1.52187175414245
1.5851784593318703
0.7994264570278615
0.9673713895602569
-0.4399048484334286
0.6068904468824851
-0.42915123460720006
1.3444640635406953
-0.6933265690530899
-0.5720878779173749
-1.9302047894977836
-0.7876662996418773
-0.4177239904214742
0.7868990098324378
-0.39070741295793593
-1.2462845653551327
0.674318200205888
-0.17026583275280208
1.1341233273541198
0.6255972015086126
-0.4106990126018346
-0.18885283664988214
-0.025080297035649488
-0.3903344075258233
-1.3470485019181793
-1.7586648094859443
-0.4986714589164245
1.479111199300815
-1.2734803958175314
-0.9922526740448515
0.7439150767783009
0.7929953087936513
0.7973988191704277
-0.39744827263678933
0.751847396320923
-1.7074393299612145
-0.2027246998887739
-1.031262874623083
-0.18742393489792855
-0.06701569256217904
-1.4222963852373598
0.31923016277425215
0.042270675895913
0.09924925076128566
-0.2999029518336031
-0.04583390205289463
0.8456631901918392
2.0257999621131346
0.7483354592500058
0.8582716256292625
-0.5471698631090516
0.7316807824976377
0.2865383695593382
-0.40133166388522906
-0.5710131927635904
-0.06695155515640373
0.25748986238635624
-0.35504733740369054
-0.31419815391903666
-0.6258185865239518
-0.5427335479485205
0.13916586690093702
0.4114530440169237
1.8766008378492294
2.007704867417251
1.2345145889692615
-0.505155968556671
-0.9482159756828116
-0.005549956462718287
-0.04618552488282119
-0.5656012350079122
-0.22645087384415347
-0.29130016673060116
0.6909898483322007
0.5370442775288011
-0.15625316196133196
-1.3532676198911884
-0.472784466514595
1.0103751525345204
-2.0271037579270574
-2.543784762276655
-0.9675178460674146
1.4071833619047687
-0.1658325040792638
-1.9337491551094546
-0.6714846449956572
-2.3669421730011733
0.14768509262653273
1.0058819634107772
-1.84766550550018
0.056568352946494635
-1.160637951301342
0.293241062355531
-0.11777989169213772
-0.4035856610983209
0.9302371472805256
-0.720694315818957
0.27737279740392884
0.31614566801309024
-0.8861788630347395
1.3841895140118692
-0.9620044492864569
0.14297796347355937
-0.9127260011225475
0.16144952840773882
0.09671402100489904
-2.075489208940422
-0.04610326378087486
-0.5062311139816988
0.8506449186220727
0.5301253277903405
-0.20600708934684625
-0.9653696172599711
-1.8324185759168092
-1.0651193780074348
0.8974626039260731
0.8970057952515874
1.2388033532607214
2.187872102950114
-0.9044394042712582
-0.5367230029111134
0.32083680799422043
0.006781643252463862
0.8336630048135606
-1.3431151003230193
0.08277189497807419
-0.9212153767385483
0.8213226455505438
-0.5583331184005579
0.2731636077712985
-0.7358813296038818
-0.13255838923819968
0.666425501044848
0.9004055999048806
-0.3088592108841837
0.8921121711299919
0.06541558117459914
-0.4598212727484322
1.2414081603893985
-0.8087584304106754
-0.685307417664995
0.042805668859171885
-0.7647831481528237
1.018605203937507
0.7504270699140536
0.8098012590619154
-0.06351949787901237
0.36098928786692025
0.5694710719811787
-0.40454179278372904
-0.01124268624392325
0.09184491086737262
-0.01776758889821053
-0.23805476741770593
0.6125858291057091
1.8391270436116005
2.1570680195129666
0.7404691199176134
1.8346429322459794
-0.6319648834785448
-0.6140021054697836
-0.2812900592893524
-0.2168890379653736
0.29412806897742005
0.48210758047083735
-0.5596014205859895
-1.1811586988377336
-1.4264239964630723
-2.2110639760662445
0.37363867557791614
-0.27395818570822084
-0.4909905606931732
0.8051135800648608
1.1751636787589925
0.8030087503352147
-1.2283434762711378
0.23240257516796597
0.21817458549294155
0.14488183962311757
0.33725748312023096
0.0241051642128198
0.8387018615981086
-1.1241890368221752
-0.44837952209847143
0.10098040119676377
-0.13118411250975615
-0.4264208404264759
1.2609688746469216
-1.0635413392851982
0.21111409743574822
-0.16020216981713006
0.4635629480120316
-0.22758652095669574
0.703695198328088
-0.6682192432144652
-0.26850486013686364
-1.2206158240947727
1.7584963041882455
-0.7224898472852852
2.117049514386381
0.05983986444688596
-0.7235048245237298
0.8206555722776783
0.27902972816440974
0.030044113550140982
-0.3132667478006706
-0.766811983545096
-0.6969744469669769
0.6852629164007905
-0.9048928206543436
-1.7251508168218501
-0.47277074543007236
-1.591260460393473
-0.6162976624381707
1.0872307627081315
1.3702609101605543
-0.9966060391521647
-0.580641055484636
0.8553176388510647
-0.36030837166707685
1.9930252818109615
0.33648973624388495
0.4344416706569753
-0.3456601345779069
-0.32507005137574735
0.6689724137964052
1.4603142841467893
-0.5229222769787963
1.5614588241623815
1.1806759260977353
1.225851297652086
-0.003073942469302373
-0.108548691568023
1.3145600401114323
0.7217572278514364
-1.643790618964999
0.9017967156682553
-0.6602017969705284
1.138491612688267
-0.048212252216556326
1.4218643709794045
0.2163556303756151
-0.33984402095539945
0.19517848977881103
1.2323058891460659
-0.30992812450331386
-0.9067910258974374
0.8017266293348854
1.5942713651176859
0.03210441148981097
0.45933338384741607
-0.7697625275543291
0.48974789901973415
1.0062868745561562
-0.1354027865991619
1.6265809057297178
-1.2910128805963503
0.48149823156400556
-0.30449036668530094
-0.3362019439067775
0.947326096702147
-0.8256188504415323
-1.9604985514763267
-0.02969008861992923
-0.7353301811210187
-1.6791182184681606
-0.8687748579197714
-0.4785010785778201
0.1781216623729188
-1.935668966524329
1.0327501864866329
0.21572756377300334
0.2513667107413237
1.804097704931993
-0.18764687642854536
0.09941986641185974
-0.17932346608628874
0.8007523817829831
0.2885532948055997
-0.019419170930443482
-0.8497561018526054
0.49966324260557404
0.12058480521105389
0.275436538003918
0.5888426247000708
-1.7534541769244452
-1.0773538205487354
-0.8232665164437825
-0.2528816660866145
-0.15650974888138305
0.6077089282118362
-1.468340393772259
-2.8167114492672134
2.8055030957492675
1.3298210380987385
-0.5974687729440485
1.80292225232486
0.9913852043659832
-0.12271719273169102
0.7306072431008591
-0.2612596913575377
-1.467815630726106
0.46886648020557375
1.6052401505877054
0.40756792573618617
-2.4468389667827486
-1.1182451816699968
-1.0595897090618118
0.9083908102144755
0.794253316196993
0.08730850946961538
-1.660051769135517
-1.3178839126102042
0.37618871812729726
