0.4231807705670297
-1.5462977954122832
0.33083726960112003
0.49642095047390633
3.317037373236491
1.5649978198575796
0.37025307286239695
0.6542665743203946
0.7355259313967843
1.0008994588124875
0.16406377722686355
0.7200291322553427
-0.6176491059925744
0.14735404267233954
-0.5501479249951235
0.10015231149584085
1.364145802514907
-1.7350353483024388
2.3395499940769344
-0.27106964159427416
-0.28085239158901115
0.8304139090756268
-0.22352062822764554
0.550709163829785
-0.36562449267999714
-0.31740269224865003
-0.843226281327903
0.4351384365670078
-0.21097704769019784
-0.16716588350421072
0.046719824512793
-0.024906734972009018
-0.7180897009748303
1.3002462535755837
-1.6852127782640225
0.26854062993532696
1.209265805329945
-0.317839628656174
2.2816277034233683
-0.8672911574656553
-0.3143810365188166
1.0955481483706593
-2.317605766658927
-0.5238228245734553
-0.10808528464695213
0.8343418021736433
-0.24433314484516164
0.10240291126497249
-1.7793048047702757
-0.109548919831624
0.6061842294258084
1.1049087172478202
0.26684359607559005
-2.3568711820995665
-0.6930359520704071
1.1257944804109545
-1.019312295963017
-1.066435107371829
-0.5067916307003445
0.430255134514415
0.35166111874299966
0.42676546762780404
0.20756333426820062
0.6226217283337696
0.5483732097178764
0.3124497245221912
1.6728498772805418
-2.008430863069075
0.42371211218487453
-0.020323524254364216
0.16094128736319532
0.49521893988275145
0.3082638688051123
0.7178253560949218
0.25111515613332325
-0.5894731071646931
-1.0159848625918393
0.059507410597597385
0.04381983281452526
-0.9236222838792049
-0.45068434304166083
0.9525916764387452
1.2127635189013901
0.08336026865019817
0.9879970892771456
0.7056856694498912
-0.5114926423140238
2.8077838190495674
0.32417698118743526
-0.1292212267151136
0.24271085866719533
-0.7788703350499397
-1.2002717054393528
0.44522325196242063
-0.46529126836484713
-0.5515187893825895
1.3690459817974456
-1.26076364752284
1.7104633515279988
-1.0613104121513217
1.6890104731294837
-1.001622989936557
1.9639759424870133
0.3031966492024938
-0.7223409526244385
0.7034594464778193
1.4173385338927273
0.19806249333869477
0.4254547679305016
0.888052721384941
0.23316241590282005
0.26264394958342474
-1.4940180505321543
1.482682829693064
0.6730356383716382
-0.04783785251238908
0.7660826758748293
0.09150552222013601
-0.9262999759434583
-1.5743392052533618
0.12857783758345057
-0.015425836414025208
0.3390724639979596
-0.03266199116595953
-0.46697509475689336
0.6686769434612523
-0.25441864597663677
-0.9948846698102168
0.3159481399423409
0.16488121781002033
-1.6346102197250572
-1.073242653423493
0.02519953852622349
1.3830651651140933
-0.5386654356675153
-0.9043007726108689
-0.5532121044280065
1.1009970095500599
-0.8447619929019387
2.1473146072261606
-0.12202874728279754
-1.2938273224292116
-0.5802373966440559
0.05233238501014485
-0.9656868927499453
1.1478253055690437
-1.8389811102813902
1.6888441924288737
2.30152815751768
-0.41717217084506975
1.1984673553696
0.7255243605752728
1.865087307177728
0.9900509011126037
1.605636860764376
0.1312498606592586
-0.7628394250327943
0.9782658244741317
0.8356760171606409
-0.43472637077083426
1.3224873350923299
-1.9609963590913229
-0.8375025562417565
1.954646984154272
-0.3557449249863726
-0.261813366436737
0.4315130797309738
-0.17168886205580947
0.29384351774000805
1.0197964314216268
-1.7433390582756796
-0.6490691812293528
-0.4616121332919312
1.2055931517048106
0.8759885441509934
-0.5501253481039357
1.4594347498913005
-0.03157987586820738
0.9271600236885702
-0.29330305363622344
0.6301888729492576
1.6871434258092022
1.0669752742222878
-1.1909528324522562
-0.39213765762683994
-2.253882809851525
1.7191210795768177
1.1696939837018372
-1.213800665967581
1.4396902199555641
0.19289260634088343
-0.2266121287157007
-1.1726055996103129
0.7887280054058438
0.999336890881727
-0.4697509715843049
-0.23831282516208982
0.1956335785904505
0.748070125385502
0.6422267807525442
1.8257928881227035
-0.7409697623388183
0.19880687679855166
0.2862724426208039
-0.9546268986566739
1.160739817668849
0.48351934223157167
0.7149578722861623
1.2494164023321963
0.3606702001624547
-0.24208869613682313
-1.2512499028772335
-1.571812692418187
0.9407101250752274
-0.03361347598098752
-0.4315185114058066
1.847751048793729
-2.003705519510716
-0.9138287435564634
0.52022980673193
1.0077741691516493
-1.4053762124164584
-0.7638905584551238
1.0152312336569815
0.8899698208166499
-0.6147330934231018
0.45308810048393866
-1.129382640693724
0.9271893848895758
-0.16959774584967155
-0.6574968515306665
0.5481822182651507
0.5061673864289746
1.2093962056071348
-1.3603693285630958
-0.0926410687283805
-0.8470885794505985
1.3164536019998696
-0.5469781975532277
-1.576823038256223
0.009924841123266442
0.6716776890603868
0.2946800506581461
-0.3179056110547973
2.1768797823113175
0.22739688872285665
0.23228642469182628
2.087577675848618
0.22494903036568592
0.7908078220946115
-0.5203804460745103
-0.6859564137021419
0.5238691202177113
-0.04414460422268362
0.09898065392136071
1.8900694729264402
-1.8369310895404618
0.552183254286348
-1.3770805843545877
2.0107122733898053
-0.2941998652144129
1.8117965804548615
1.1518614640281954
0.3565990826276029
0.13870543768311627
-1.2179155951545544
-0.32630963720305045
-0.8206694112535968
0.32612591537805724
0.9508253248466384
0.031842263898721176
-0.6353163161129018
-0.17163619716003956
0.5996549134023991
-1.1232880615367322
-0.24578139131353213
0.3895013458810688
-1.9048047201412388
-0.6583665899793438
-1.6745735920115243
-0.6262258588370286
-0.08391663819122992
1.1736533432829555
0.5463205255917314
-0.47687431996825014
1.4867555720302599
-3.040962784429738
-1.249235619590491
0.48673784161389433
-1.3025550042709488
1.6339184651993985
1.3353045187095416
-0.8819052924845963
-1.2051329770867074
-1.640341587779174
-0.176512191270002
1.3023399249142031
0.3103329799314092
0.12117077439037065
0.33335216017606445
-1.1604988906110554
0.4616265525045737
-0.2647318807245814
0.8937848678892725
-0.7579921181333732
-0.8663389638475858
-0.9169521748118794
-1.0572547030124537
-0.833901113152934
1.4546896352258418
-0.26165661009533053
-1.2286142846751171
1.3354840323070065
-0.109590034454347
-0.4982215560742238
-0.5746734752145504
-0.8588651280922834
-0.4482228143560899
0.35435353715529483
-0.4755590286937359
-0.27350952921528365
-0.45108827759107445
0.7924670119224656
-1.839587690857915
0.30942505424759786
1.499358674533077
-0.00631804443936881
-1.1130992057522773
-0.3652568027309355
1.0754762710470405
1.034764521340884
-0.11293267101488827
0.4846494949198653
0.8113391671885277
-0.6493627316528656
0.44374785524785204
-1.7501905011383934
1.2444551569241888
0.448415140377841
-0.4005957029326378
-0.7293128695201418
1.4820578242007412
-0.25855830685655634
0.34175022299975927
-0.2969700763542524
2.149381152485783
0.18757779187527607
0.6348637893623574
0.6404502808982867
-0.7231247225553007
0.8865384813209469
0.792130678395408
-0.7237534352289705
1.5168007263438215
0.20718998106190054
-0.25063030389894864
1.1583645657747275
-0.4445054855243691
0.18201234386983964
0.4408148606690561
-0.03304248629008521
-0.1462623136725785
1.7143967022837574
1.1681080845325928
-0.1902390124436986
-0.7724750016829802
0.43407180629638287
0.13323334577865653
-0.07320411692994493
-1.2620193639224806
-0.8274952143569139
0.3451013186570482
-0.22664409929585344
2.561411166412659
-0.12718219929549615
-0.41773923300611926
0.8534201515852589
-1.3042758976574287
0.1346926022707181
-1.7499290242785546
-1.0144787444778287
0.304205719860527
-1.5781555854215257
0.41388433912956335
-0.9451938231942839
0.4818936763362006
0.22177579347278856
-0.6389474938036594
-1.2718110458942513
0.27353418703786253
0.08271279276589319
-0.711367063071198
0.43922423480379663
-1.6188452830895979
-1.316404002582036
-0.18187204111220007
-1.6762678175690093
0.2359884174386294
-1.2701227512397433
-1.226333694751439
1.552175728901863
0.07948876105019348
0.40865449170710916
1.1480022353850858
-1.221419784896286
2.3873848579029513
-0.04226501825663782
0.061217827571640036
1.1961110427678245
-0.1890684187568597
-0.9312445520567018
-1.154140386321808
0.41317510958555553
0.993306242311688
-0.6713654304175865
-1.005391609194088
-1.1889993760936148
-0.14064739161416714
1.5202327398917324
-0.25540627048999437
0.5983034249549246
0.8179636697189547
-0.5952254278479354
0.6401392380804107
1.5946878999776883
-1.7119702816777915
0.12907389445737608
-1.2857240466684756
0.7867906463106938
-1.6172084343175062
-1.7444383655984614
-2.0042512935397494
0.21590376214451018
-0.7815470534026001
0.4490676325909925
0.866517230105436
1.8617550185287408
-0.7573296250243349
0.3051709623108915
0.2236737392214935
1.2418024975730249
0.14031847547413215
-1.2320872108762848
0.43175512379123865
-0.15192932103972265
0.43283959759410745
1.1016880818238408
-0.08943355217292155
-1.5827628105102796
-0.3917380287614167
0.4843805721475642
-0.38590952551369917
-0.22567571590217844
-1.6712647458576662
1.5337036452044743
-1.6508150710507576
-1.0734371066210537
0.048612954375841795
-0.40001168866604664
-0.9478404521206618
1.1059296465482436
1.222637259408624
-0.058372720816367865
0.42585860382988117
0.35772421763668794
-1.2298574572951648
-0.2906055349954196
-0.0406812321703492
0.7182358455768574
0.5498763451485937
1.4673502828799692
0.9008167334881544
1.6575368871938803
0.33534587537104105
0.6406753039710396
-0.797482065119209
-0.5221818765157225
-0.13255190587260593
-2.8419817326090326
-0.5546634565341788
0.7271473990356494
1.4536537145221244
0.541450571276837
-1.7220532292206714
-0.15645433003607945
-1.855397082229914
0.7840225127783244
1.7177243604623926
-1.1528559372536167
1.3150093172196364
1.9062042474930285
0.46067217504981506
-0.28698767541251785
0.7664583482294752
1.7953095962797425
-0.9997633792338377
-0.14223601889042456
0.7240143377142586
-0.9100531306409265
1.3674016443075923
-0.3520539763259662
1.0554446543523797
0.4214363391667383
-0.27269314659076904
-0.5975180819750301
0.4478610585393241
0.5859508193304533
-1.1804476601607825
0.5586656454250718
-0.07450123547785262
-0.9207412246761885
-1.2349119448293158
2.321411157704487
-0.1257884696529099
-1.2790668397917888
1.4382467468286988
-0.5715436328443682
-1.152217355333297
0.32018253212582715
-0.30290040295771453
0.8377738008855576
-1.8323316323234038
0.09973013337029805
0.29755596383941
1.1433467337692325
1.8284040541257247
1.4593134155961627
0.16186548942393345
0.11374027731832217
0.3049102485625296
-0.6947679237112395
0.9869156378267078
0.15996154538523188
-0.33004308946507566
-0.6046494503768957
0.48659695651774704
0.7096269496754317
0.2532220878746448
-0.20790934932178964
0.40925208073499414
-1.1147721959875152
0.6750011777626728
1.0467326470758602
-0.06780092492629822
-0.40563795866704183
-0.6681966235503796
0.878941264140773
-0.47374536595527034
0.7076876260865084
0.6194030389125048
-0.517086096916913
-0.6165496855140242
0.39881003075410637
1.2380635891877945
-0.8176210940444162
0.16134205314319086
-0.0001917781760732296
0.5645229384568842
-0.1805426965627817
-0.1264308082167202
1.1000800445772279
-0.15164196478636646
0.42722732478177494
-0.8691738890670341
1.4796732817834857
0.02767484470149233
2.953005570145247
0.34001210388246894
-0.5381298471246865
1.3800105896088326
-0.09047906054998724
-0.5435648136716534
-0.052907855712393745
-0.7719559146640806
2.274640996724359
0.7655061784614798
-0.18579207803619147
0.41384632733136517
0.8071490897839484
1.45680610098936
0.379435662214256
-2.2446885908803496
-0.9910089179860049
-1.3235243321143675
2.2369808396929534
-1.4071408898368676
1.4748807741226746
0.1809731467016188
-0.08738014897160876
-0.7046871125644205
0.9539176881891066
1.553451070474505
1.1981000211893404
-0.7627621013358012
-1.0909724316877665
-0.4466842796266966
-0.7248807314542812
0.671110500873373
-0.5688116976056892
0.6070298800162444
1.1890932327695074
-0.6331685928941355
1.8596140303574438
-0.9972617281309083
-0.24522050612228705
0.9951622233313243
-1.8152776800108752
1.0990941905687341
-0.38590723819843725
-0.7295026356607474
0.2168670959899454
0.6020213515032694
0.5139239943367968
1.8128491205274766
1.2854046888793507
0.2264380171497901
2.2913978062612705
0.23764775228006368
0.6403410396954208
0.5262652692409057
1.4714361079368146
-1.4083962649564101
-0.062213561227823976
-2.4148918469090312
-0.6171465314196988
-0.4552184922266018
-0.8379797702734383
-0.6445293711684822
0.002455791500985948
0.8189750873292452
0.4907817706730074
-0.031524034055000774
1.9682648436108974
-1.0531137500714423
-1.0113188811424616
-0.16022422190616223
-0.5569974921445766
-0.307600755872614
0.6894027782397137
-0.2688043642632954
-0.5199228014124286
0.31929148258304485
0.18177387248440394
1.2375909325212942
-0.5334454597735275
1.4738464508950366
-1.6893815721830319
0.8248126138196124
1.033880525947122
-0.6035852707549183
1.3012550634420503
1.7676663915083834
-0.43962280814368143
0.15499923076067337
-0.16710597087796977
0.38097722572177334
0.3910069817376825
1.0634259018694037
-1.1424941203025674
0.12537167507311744
-0.23305050025652616
1.0878024942605549
-1.4102755862980623
1.5295417329095415
-1.0919422008262987
-0.13096958563466288
-0.8488716763685846
-1.8903513162659689
-0.17786643191982054
1.7907851726496726
0.9188365312284766
-1.3467284639457624
0.6108896252799212
0.48216916371059093
0.15674522688878748
-0.7008231288489958
1.157949514082892
1.7746152352248508
-1.1129216509693973
-0.6133402533344823
-0.2564676963523948
0.1644533279350069
-0.05913031848362566
-0.1522926100422747
0.014340429585539678
1.3431048915676198
-0.21724465431169462
-0.1687042689572697
-1.4103632770284098
0.09921697823760207
1.0167637770626154
0.8837578223007864
0.2690221092970869
1.7030231927099189
0.07792351744569094
-0.6032548131141862
0.2112967846589675
-0.8750184026548783
-0.42100583562333593
0.47787667407804013
-0.4906842642168718
-1.60025949209524
0.5733123128936355
-0.5248830706089518
0.7999109493013267
-1.6210307015929495
0.3605309555668858
-1.0445661928554761
-0.8864333909115485
-0.931396104035724
0.11823070241637294
1.6947503008263887
-0.03981123498438484
0.3801553600850648
1.831417356405519
1.9379779941090054
1.5307959743648847
-1.4219335475632402
-0.38821208856705935
-1.5112249992134663
1.9885558827677527
1.0187499059394378
0.38529243614641173
-0.293579664145076
-0.0946581318833896
1.1961692029915472
0.9834640986804076
-0.44441999144443034
0.1652709616185732
-1.8619628936795551
0.9742032237285989
1.3750676259399823
2.289267768072756
-0.09425775111442963
-0.5182598922630893
1.0936031465151643
-0.3613373205560457
0.8688110817752923
0.015936791853636674
-0.4873453802111927
1.1368256490154647
2.3477150744308397
-0.09997042989979595
-1.5761307261144748
-2.025469326145596
-2.493404576216006
0.24689063601541839
-1.804452387870271
-0.5939935558179744
0.6596721303057225
-0.995366099070285
-0.25796165914583746
-0.08137748847556742
-2.1865178918411594
1.0477139076927728
-0.7207042290016134
-1.7478665225708796
-1.3933051998441477
0.3723209539535079
0.21609523057257207
-0.8285159644278663
-0.021962350635802284
0.2770398476822775
-0.31527592709756336
0.5239384727359085
-0.9074848263389746
-0.16865813829385562
0.1283090201727083
0.7547858800321068
-0.46406600268560033
-0.8092522604787574
0.04038660501577872
0.5925876435247497
0.7501716166021631
-0.2118047784735582
0.08304358913165953
1.663106455338351
-1.7972140285596816
1.6524220394900955
0.4991153698266345
-0.6322257759576082
0.8838175223590197
-0.11814785556603691
-1.8077594965248849
1.656247412838443
-0.913920543267825
1.0395108707979581
0.24573920326780732
0.4003901680487732
0.27608969987622645
0.27521437379697633
-1.3440058493418399
-1.2200226274338088
-1.9655703319682047
0.3749442687121726
-0.4924465166332179
-2.842374730888104
1.0645352713671978
-0.47681373945260247
-0.33105144333895625
-1.4915669290313105
-0.774150821040147
0.40897370865180843
-1.6018947801350267
0.82685391830266
0.2895724528169908
0.0377412079921897
-0.33466576996531255
1.3514048652148725
-0.48735111019977756
-0.21293196482027954
0.3374776055916527
-1.3179412542506004
-0.00968653206242409
1.0917808167731708
0.2189017720192707
0.09763315164610048
1.7377104145606825
1.9970883672448918
0.8551266044739987
-0.2932166290031131
-0.4938619785340872
-1.1140245513442641
0.13526046039738515
1.3312071971470907
0.8441526917965412
-1.7708435314326687
1.2884678228957085
0.8236336709347193
0.896566092696411
-0.1444936013397584
0.7894512805621758
0.15231626531917303
0.306559522151488
0.7604780524783599
-1.1669624922332134
0.8949728972855767
0.510544399273451
-0.9332463907026342
-0.6263836822565915
-2.2953369117437865
1.8492647432413234
0.015626816143583373
0.5672585454231517
-1.4091130553283087
0.7840332995016364
0.7745880888569738
-0.635053150401276
-1.184692571843913
-0.11194083866932067
0.29611889259931945
-2.1279557777064606
0.34946272181398147
0.4324810745925739
2.633079735109117
-0.5279747559152679
0.005446768086607996
0.34808481118853635
0.15049036550225983
-0.5759411527334573
-0.2409733920472724
-0.06808424960063753
1.2716311163683192
0.30454635838784583
-0.9711900152289524
-0.3520862239524659
1.3919841210208632
-0.9871231781315356
1.4225399164844759
0.9823697936828248
0.35890706704222847
0.7922939263647383
0.2754064707847527
0.9460809015346539
0.2034182686562687
-1.7983000749691762
0.6799777891130374
0.4967762406553395
0.8108309916652588
0.1393831660320588
-0.7380588206421993
1.8970308590801188
0.8490574183629371
-0.7008373519961314
1.3542889699938876
-1.2614145251729039
-1.697664159231698
-1.1863206576720275
-0.8705906062099241
-0.6206179408767244
-0.09066365151085384
-0.20444562554546858
-0.2307689039808125
-0.26698770770262736
-1.2170152767409081
0.6514700883130848
0.8711708901634518
0.3699276797669728
2.1539623667199055
-0.9452574464513142
-1.3355185668170928
-0.7939269632194793
-2.5324245605654645
-0.15388896289918716
-0.2577804664884296
2.646868362185808
-0.006648254372761345
0.5304093433841338
-2.1120320464158158
-0.5117010520170545
0.07709171733376119
-0.5103588290239794
-0.7055794669202898
-0.18229853901086066
0.4789942774695712
0.4384590044221804
-0.7554603402253365
0.5087919226796821
-0.0510140780957699
-0.014161234426141322
-1.0501089948173719
-1.0436500817125958
-0.5322008785871947
-0.41335621593034716
-0.4760453325825892
0.6993195085396083
-0.7343294538326464
1.4763216399038834
-0.7658296480640812
-0.013466368540508027
0.33828655982950856
-1.4629165150002639
-0.8009544661084373
0.026020799594580864
-1.484751140828772
1.3112045582846172
0.8216842313897265
1.5282775016766308
0.6099242137342663
1.4998070907943688
-0.09327977304826797
-1.4009235835292349
-1.9638732200639604
-1.1325641635307506
0.2248953089263614
0.8885377497765226
-0.49814713545517375
-0.7453303661366829
0.9519000820610104
-0.7370294710091381
0.9303119345922356
-0.06764748017083913
0.7062121287989398
2.2610760137694803
1.9516169767359348
-0.11124366288696985
-0.2525960004128229
0.7622734819632567
1.5737624651655076
1.4354496243537578
-0.10399744706599186
-0.021002197793363264
-0.5160063466765047
0.31545003788045806
-0.24224949388061476
-0.5068729559138702
-0.9582582068768962
1.0182511387705704
-0.11787680486103123
0.845253054158266
-0.44503979936331367
-0.9414183416860179
-0.9168679731802666
-0.67165886527245
0.7988944885933013
0.36950947733051404
2.091811049831896
0.44783400683631563
1.2921979056957276
-0.4473992613376689
-0.5184698240076759
-0.4229827181343871
0.40616513595821735
-0.289409342376841
-0.14136674813486247
-1.0246638847669047
0.04679188722867272
-1.4897497974693241
2.0443108131390804
-0.37744707875707456
-0.42622891348757347
-0.003318923237900262
1.2474484001250037
-0.1194117949906628
1.628935428682215
-0.716504222542008
1.1859042464594263
0.45746015584365046
0.7828804760683769
-0.22356713308919748
-0.033957323227303875
-0.45844695365548666
1.358012895502266
-0.4294367538252035
-1.3084772401943618
-1.6472377736083101
0.10258526470272365
1.2461235961723132
1.606546254647962
0.5680659538508562
1.1405474864984964
1.3172987317836886
1.1163154072951265
-0.5986566708527841
0.6621034746565189
0.7561264328703184
0.18560770912788965
0.5115497309782676
0.35319069296927896
0.2966941284838484
-0.3725772475490639
0.9249574745337817
-0.7820098423601871
0.9909501002139616
-1.2678247969140255
-0.24082417256916944
0.9252622179145661
0.38335481346454714
-0.41259261183696044
0.5527832500139936
-0.23331631196557998
-0.9856110043690892
-0.07270264212466032
1.4323302457206726
0.13640547332086317
2.085482132419744
1.0139657603746026
0.11620710925223157
0.9252099969800619
-0.4044094847062563
0.693555255244344
0.3590805433326649
0.04353297297926945
-0.827684363273045
0.7631447470929872
0.04294884110939387
-0.8566723854964189
-1.6574869221851576
0.9743715467309083
-0.3404220155582787
-0.4135925365418018
-1.6199043739191188
1.3240390283217967
-0.15636762575415508
0.12970613919348092
-0.5470433722930719
-0.949221573829721
-2.0173933750930533
0.4565345675217314
-0.250571900874983
-0.6547098696239841
-0.4077447532739888
-1.244231401591087
-1.0788684326161948
-0.6024464843346226
-0.6613378034092344
-0.2660414885077618
1.3142599348360255
-1.29209747864237
0.7178802738718542
-0.7149123671516808
0.29817917192456006
-1.1609833807342735
0.3075143124776812
0.6133896538060989
0.5246241806964326
0.5390814675028816
-1.1766199544521407
0.10823224733667577
-1.5657173059965903
-0.04713692701632238
-0.8627299424017891
1.4649883564724355
-0.08617252159428679
-0.32009091466232603
-0.5625854217137449
0.3018296210670379
1.8985269381663687
0.5620702672471077
-0.30494011256758086
-0.43851723401063225
-0.06068542413662423
-0.9627971471653647
-0.46512406897528336
-0.7426976376422031
-0.22298411435156018
-1.6443328056857072
0.40608197080301595
0.7448901884211621
0.6776338112045512
-1.0401405436526858
0.2896264329284793
-1.8880853569120553
0.47582008943817045
1.21829660313309
-1.0627032054285475
-0.522195945237165
0.23149384744026627
1.1433578174329548
-1.218646079362542
-0.5857499584496687
-1.0162730943738294
-1.4864665120373517
0.32370048479858177
-0.7224779682072505
-0.7387576035267642
-0.19484183635366703
1.2473308932793736
-1.0015910592417985
-0.3824291680803972
0.0631677096574516
0.7070942628989751
0.6572994447525574
1.1362842695524589
-0.18916166839135476
-1.02415837802825
1.596693123163325
-0.28388635687866837
0.3544802679401569
0.12838602084060521
1.0307211625012274
0.6724904701567297
-0.02001342475628645
-0.6938019524799259
-1.3649647423262667
1.542183273005768
0.6965375676312378
1.0148323114019748
0.741847844357622
-0.6647384222492543
-1.0757958716032028
1.5337544139848591
0.9196292611969202
-1.125728904291303
-1.5344230505872372
0.5035060906525449
-0.5975177751586913
0.8429946524925221
0.321999316116153
0.34619198496076414
-1.443169571256924
0.5264328300845539
1.2013328598569972
0.8143696259921349
-0.9388204603627831
0.21053424711326987
0.7533126304736337
0.3143581959509388
1.0968624882297635
-1.515387844981221
-0.14980953184459794
-0.4430389047832114
-0.4336203926412053
0.1696023481928416
0.3717304748868506
-1.2243414556510928
-0.12082880572143494
0.6705099219154369
0.8153506822256495
1.5792768665665264
0.1791711141273182
-0.15177832796516255
0.3200239146376553
-1.0943236096855864
1.1097390276181252
-0.17511211340051044
-0.037886092965441605
0.28694112156232976
-0.5065499289526953
0.6833978961278894
1.0006093146293513
-0.14477397473066858
0.7508640027534976
-0.7445886287373115
1.6325316999317576
0.43165589322064823
0.16408750654006476
-2.3517910553280252
-0.15297313099156123
-0.06371398250914086
0.6552531570254947
-0.9402727125349034
1.1987216415585915
-0.8221863756713755
0.6928262127035276
0.35104591141715347
-0.07157119561628657
-0.3721328426118978
-1.490600413775543
-0.5934875320028791
1.5224105316457728
1.4237828013056784
0.8154806179771187
-0.005323942087450293
-0.5422777314624421
0.35752623990580484
-0.43247434887710806
1.3649191434184467
1.5656923079816465
0.2643944931966493
-0.6291776962661854
-0.3747533094272923
0.38281256113457496
0.6099186347674443
-1.2715273374041547
0.4440514766411631
-0.3143259429678322
-0.5115129688481275
-0.9015286357313906
0.7220446814622086
-0.90081996456326
-0.3631279107668278
-1.6944078873286854
1.6612779104660251
0.7981054189079898
1.8358354355152415
1.2861903767502207
-1.518145162469353
0.29641157499108356
-0.4047031782840515
-0.12549866860595207
-0.11713669763475879
2.1400871493836404
-0.2727176543147421
-0.2858626808046068
-0.024496714756690914
-0.14147227131297774
-0.17436374257272955
-0.5061241001149352
-1.6987612050836784
0.30234148483097323
-0.021659844011841584
0.7297883588427176
0.6978371818494488
0.6579580511914567
1.0026015325093587
-0.49939474363249864
-0.4105818058312108
-0.20331994459664607
-1.2591172923154077
1.2886230461212524
0.9760080892326812
0.6915234864491596
0.030201229619130656
0.6276131798010013
-0.37533246044540886
0.16807371303668722
1.0006007144017872
0.04722002907916493
0.8820683260768738
0.5607172514666351
-0.7158110749353418
0.6911904806887801
0.57984015978574
-0.436915503798796
1.3959357340538145
-0.24882002845332085
-0.6436332011909025
-1.247248236768564
0.19932911215573898
-0.028951475748202504
-0.666532770352858
0.1299057681551841
0.37920836666017416
-1.9131705487450645
1.6828922458419442
1.2716353696563127
-0.6119615690591462
0.343462837241766
0.21029902578448093
1.4488167743930072
0.16256526053352607
0.7222186451927959
-0.6183513077801769
-0.23238360488857987
0.7951656621707818
-0.45572649725707653
-2.9860260991109304
-0.8140429286118814
0.09069058534375518
0.22137886469225454
1.5387185135287955
1.123778465926823
0.5376256187709387
0.3698615133160995
-0.8878830549240792
0.5728302462041872
2.1185961761497727
0.5669323678052912
-0.04384664825173115
0.21804767433736522
-0.6662499440281064
0.7900056218927312
1.211420568913395
-0.24080470206160134
1.0168539433628982
-0.24864234698995694
1.3845588576395653
2.474404393701912
0.767959715639432
1.4756056988181343
-1.245736627746547
-0.2235068270988004
-1.8753601854910007
1.0715931459779777
-0.9134721129201245
0.10811772848795624
-0.32243047412734344
-0.2655107191562268
-1.042794091479275
0.7918603736011678
0.8474594980075247
0.7272163666513354
0.10816280570209907
0.08944552874728431
0.85207416262779
-0.9332814823730633
-0.5686469673350112
-1.5916979682295305
0.02865093855887668
0.2690256224208902
-1.6322356590346225
0.33453644302130775
-1.0706018153442276
0.16753621650755274
1.0052804733605116
0.6014744365986443
-0.031235927384154403
1.3081432273448568
-0.17886329389837186
0.12439481260300526
-0.5604797409647709
0.8564739743658599
-1.5441016571660933
0.6333384005425367
-0.8664330325568635
-0.5683369430882494
-0.8136961479780207
0.06888985103225839
0.3281411508510485
-0.4922463061881984
2.3038530219009923
0.7634895869743966
0.7551164038439279
-0.4315715910535903
-0.19385701771318165
0.2749368445463996
-0.9964812025880845
-1.3919887852606971
1.4874701988435937
-0.2578865338944556
0.8491911943889067
-0.5080802150921595
2.2410509687626723
0.018198858054325594
1.1017160864750515
1.0966520522080092
-1.8929649509790138
0.8567382864059341
1.9027667779231972
0.426488255699141
1.1119818189745807
-1.7575458925078473
-0.2980275289912786
-0.538365091995737
2.5720516473396504
-0.3596854096429383
2.6197764580630287
-0.11718130133989645
2.6623114108837127
-0.1457980093021604
0.8110996155279027
-1.3478087179591511
-0.6514269251689984
-1.7236492968311228
1.5362258134755207
0.20851937369214885
0.49577403404218806
-0.569549385273879
-0.3797140955950579
-0.9462786176005246
-2.456968921865197
0.041059931764033955
0.3980597568824735
-0.42656812618392315
-0.9779236502909645
0.0997134157569664
1.0605218981402453
0.09848832735190925
0.4752019411612147
-0.46180389077701167
0.2939034635233308
-2.0221127658447284
-2.1280200478367113
0.9263159897259718
-0.18979557622692372
0.6393758812557595
1.1911457347313914
-1.079381858820368
-0.3110132439680134
-0.9044821955377466
1.5067199360368702
-1.4473306609775458
-0.7344903943246027
0.7362814384978107
2.144174672700304
0.5094391909424973
0.6136520306921386
0.05848570959057717
1.153716965145491
0.1239683892083462
-0.6080792317736057
1.0560361161825802
-0.5476923652638177
1.0506599229730416
0.38149618016182385
-0.21664837914335192
1.6301144067433422
1.0761190289749154
0.14675435589208058
0.6520157932363607
-1.910815507275634
0.7992070714203566
0.9912482730892282
0.36462879570693324
0.0023606503093168596
-0.5532492813942431
0.4359600046575056
2.228412421261238
0.3297065788818536
-0.6975030442888082
0.007135921868904276
0.14408364652912542
-0.4746794473130846
-0.9230806559313488
-0.6148582803238201
0.5348004752520183
-0.2985298022259088
0.4907378797211753
-0.12397538671946577
-1.3368410584367534
0.08714428636929349
-0.8295122439665927
-0.688759412998979
0.18896406846099378
0.6147965438111904
-0.03968029998198007
-0.23618701742277942
0.3011301699755994
-0.14126763254185531
0.8168952001167596
-1.4077599519394557
-0.4285804219275292
0.20839691182293962
-0.978324085851354
0.2159337655984891
-0.2858808266371962
-0.6794053137375766
0.13790389339498993
-0.1430162062732307
1.2181049667889239
-0.3585597907705241
0.4958241806236688
0.5665935932330446
-0.22566640975996144
-0.6737879573574311
0.31509480825943426
1.1960738268641993
1.1509067396857104
-0.3929880989964472
-0.20256092914811208
-0.8656139769594263
0.7416642033096831
-1.268190709422647
0.5097148592424776
0.7400314680244192
0.4563136840616982
2.1316572917580703
0.5769624233636418
0.05552379320137969
0.7010875534037151
0.543105687532946
0.06737821148453729
0.8828863850751562
1.4829188636428308
0.06067283915449381
-0.7514272254213044
0.9121917160592623
-1.2717987977643497
0.1670985509146869
-0.7984117384250333
0.6782175570380726
0.661596091138346
-0.8591521399227354
-0.4998775747213238
0.3200362230474494
0.26805835268908995
-2.5398846655745135
0.8419490013231875
0.49379688302172997
-1.9197709168262174
0.16785124811877397
-0.8569307697936999
0.5633364361810064
-2.495380205902494
-1.9853662913638703
0.9845904531681308
0.21673243195177716
-0.22995488611310028
-1.1626548822429124
0.6285810502223034
0.8587775101153996
-0.6832656076523081
-0.12654911371509062
0.4882244875097397
0.7821363164243452
-1.1866322551955009
0.1435732145701716
-0.6281928306365592
-0.08748825031773491
0.17844131597713145
0.44323576145457905
-0.25338788014148317
0.9636231485263426
1.6835074791648987
0.6444257444087018
-0.20803408899727766
1.289117032584204
0.27899829830976164
0.24449777094311279
-0.44919389001725535
2.7584402091066327
-1.1196412859502984
-1.735353913298953
0.7698990968555532
-0.19159381853202095
-0.46546387911142106
1.219152746842922
0.5402255653186483
0.9009765284791834
0.34227861428784045
0.09580526547087748
1.4431441977554522
-0.38668109959962627
-0.6338558542025089
-0.06713546989823771
-0.4643577445568388
-1.4757852978174277
-0.5901429722089367
-1.213807644464667
-0.7049233397343486
0.15877594596582306
0.4178180504804612
-0.40435345862036
0.04658575568318908
-0.3926357852489509
0.0014284228895670022
-2.1642647427756976
1.7488667604922228
-0.6398727634047647
-0.08662338326331678
-0.6022776934664262
-0.3016394602558717
-1.1993427230372842
0.20842579518431886
0.019069791274783105
-2.635295613088719
0.8623097903654056
-0.21425245045700123
-0.6792638077955417
-0.6197937036814779
0.15358549311952757
-0.6754363262189106
1.429940599371017
0.6349855728687354
-0.8108172813095994
0.8189469321963103
0.45463475551627963
0.3726293678158916
0.7937505897869259
0.6379895088952932
0.844608877831082
0.6504813298274431
-0.44617588828670424
1.1353383311964647
0.3675546488571017
-0.8217263348113367
0.24190799607237576
-1.436378718893859
0.3415876066192003
1.3724982251198632
-0.46549117358580294
-0.2111278778696717
0.6102004057247168
1.9609489408670746
1.775699626522975
-0.8012489453097347
-0.05924575378079649
0.30980919064296697
-0.683375800623473
1.717642033573177
-0.09355521590689303
1.7704141467605607
0.6091413950167213
-0.947012568969455
-0.02888819874018967
0.9058113186932207
-0.06913526404992232
0.45087877764968937
0.5926149680182835
-0.5103295872471153
0.49260167948291717
-0.5441917654596152
0.19383541100144128
0.09823582344811278
0.10993350869229311
1.0823222337660434
-0.9984085904408803
0.23952384778547847
-0.412554362195878
-0.023846906260796892
-0.10492564160499855
-1.5894989842691252
1.2248055152860093
-1.520809673730665
1.070178661052426
-0.7712576555138194
0.2713100894159968
2.206926396934491
-0.07472478056123191
0.22201857725000249
0.3506539923143254
-0.3101601481493695
1.568642161433259
0.6077693573804884
-1.1076027263862254
1.013399937552678
0.6653759534368844
-1.3274221369076697
0.27071792325204425
0.8505051012255869
-0.4276338748037007
-0.25250316084525704
-1.120775861703607
-0.37231707460625096
-1.2378964946031645
-1.203169184206709
-0.5754917832403441
-0.8593458184829983
-0.0031621359931199413
-0.4730516864668602
0.3882098067759135
0.3528357082274511
-0.2019696691878066
-0.2512184997789594
0.7325272556564587
0.5353673214333703
0.644783440729392
-0.542581676241719
0.8012405242081335
-0.30715240519228576
0.4385791042292768
1.231756025597824
-0.5353412454266684
-1.3007734839915603
1.2108565876200448
0.31636687317246165
-1.5576678312322398
1.2156778771640016
-1.6064086622170122
0.41118543298659926
-0.43508066017113806
0.7794207261747715
-0.5114806128942321
2.7329264395030126
-0.4345652453332156
-0.12521630065840764
0.9751440817122863
-1.0444462589844918
1.2286167063935642
-2.074504563722451
-0.09947824762991546
-0.19221742341820627
1.6326306713877745
0.7121120039304273
-0.8791917295746489
1.3455113833586274
-1.140293646271032
-0.014256330023987037
-1.8563813847427102
-1.047315512326904
1.0885260519683082
0.8050462954866276
-0.5069744033572272
2.0539659441461313
-1.9185616757817132
-0.5507286984907681
0.3512127856793989
-0.5580345373012771
0.13228519579367914
-1.3704992756976666
2.1521452329572988
1.4173184749733623
1.1746675726714173
0.8040116313109846
-0.5637333428217305
-0.2651053193818859
0.3300712898707442
0.35535239412570246
-0.1345654184624537
-0.20865013037902905
-0.3868127960822645
0.7049293780806282
1.4624104874723944
1.2503505471620975
0.7628672747798787
-0.5776107216262394
1.6867933284996777
0.6130960258912532
-1.7658311210218378
-0.21602942572529996
-0.4415613131965687
1.1694562059326832
-1.1926895249807952
0.05256942883370461
0.7370907471531133
1.5114146115514002
-1.3955082906561513
0.7521970525850213
0.22225311758503688
0.5115382162361545
1.8455440877712608
-1.1222866705402659
0.030575553103555045
-0.9284682018002046
1.0272579066500211
0.1383798396985309
0.12810108158637312
-0.2360388843936026
-1.1403123018063068
1.54382127754227
-0.577320917183723
0.42282102699956176
-1.0389948989311266
-0.622254408955785
-0.18052095968426982
0.508809451134351
-1.8215597904935112
-3.2092526297877524
-0.16784572575008525
-0.8897424938394566
-0.1368892148632158
0.8263437233769014
-0.047022258607412784
-1.8276606176921504
-1.3234320022065584
0.33951051866906273
0.3131967205976337
-0.058446816295838824
0.3569269560044655
1.3916680878490266
0.36199194835794596
1.4063805754303682
0.5992237890902667
-0.6282116631785909
-0.2784053198259786
-0.6166450234145016
0.15274683301015798
-0.05158401042807209
-1.0438668178392285
-1.2759591603704865
0.8160670325838499
1.7792882784333168
-2.689970330031301
1.1466871946588388
-0.05776997764450084
-0.9883177980397502
-0.12426436195023066
1.3213621166855143
0.6827470732329991
-0.7334483941309307
-0.21207373017027908
-1.0750887287202437
-0.8784641190194702
0.09290063717678407
-1.166137540237142
-0.2399030773508032
1.34725532159618
-1.7472854169338912
0.4135558773971514
-0.07033361544725865
-1.1469566993421987
0.35248056753314905
-0.24377776900294432
-0.04346446694801545
-0.9792368891530666
-0.6184357296903489
-0.5093422515911686
0.72793452403887
-0.9911314912131977
1.0694804184595916
-0.921629086235447
-1.3040009034019961
0.9805204804129741
-0.8573914947612277
-0.5077813243934307
-0.4959683069749691
-1.8872869793350637
0.012057808992290484
0.7067536855511729
-0.7784368840468613
-0.954133950176031
-1.2148355117166758
1.7468174191093941
-0.5891944261161349
-0.5387377461505289
0.269904724309648
0.026267670013250193
0.8157519504789272
0.21186885173173922
-0.42727019249525094
2.076369902510705
-0.8565061182436483
-1.308734178461755
0.2330404786295782
-0.7098194949927557
1.1570607136862976
-2.5407771470898086
-0.2517997936004879
-1.8210204507751189
1.767769499731882
0.16999189193582412
-1.5238259486651498
-0.5155106532906183
0.29500864346940164
0.4411173716954259
-1.5215882331677353
0.6685115775871784
2.3058997889230164
0.6317377076552964
1.9271815509133303
-0.2538252924560453
-1.5084691362951714
2.330664102581548
-0.8511912521135788
0.27919663794809796
0.683294361684822
-0.10325291544915277
-0.16192637716031955
0.975358894022277
0.20371625515008357
0.9980337236529667
0.2368516401198896
0.4282754433783813
-0.546320762996304
-0.28626234434036746
0.1993914492672945
0.14880911528038068
-0.5439630439337952
-0.8954340818304473
-0.18320182971912374
-0.15714969703219636
-0.7735434186920666
2.260526151035229
-0.42184219986986815
-0.6382605680688119
0.28803141132725335
0.27283030841147254
-0.5793396072850288
1.371632306600881
0.4152627154793127
-2.8877477196976082
0.20410118283390868
0.15539139058890702
0.5013989221591901
-1.029508552456178
1.755092854271326
-0.1400729815017324
-1.1931834964482637
-0.4112860196739907
-0.20000282595295593
1.1434664581507206
1.1176260141489873
-1.1887567127401846
0.12763660565470147
0.03496882416966471
1.9772929285078897
-1.1141453143178186
-0.7414623080905768
-0.38959148057064286
-0.5733075596812159
0.9112821932707027
-0.26301210375230294
1.1286939361401183
-0.09068002816186349
-0.21931910590157735
1.0133784846167453
1.9676448311979395
0.7534689634544384
-0.3171189709355485
0.8937692858080861
-0.9696288263460581
-0.3478008741509512
0.19594866612734232
-0.15924683721294808
0.8470939365684308
-0.6998108135193064
0.7657210408878845
0.09733016679162804
-0.2995503266330518
0.8486053591316519
0.5063312575735189
0.17921113732415286
-0.760796572298439
0.5027227977037098
-0.2786723463997536
0.9929310067055553
0.7806755225607916
-0.36503666478394214
-0.728711009749582
0.05288905711279309
-0.22615295496169843
-2.162113481572329
-0.03451426813649154
-0.027140233157422294
2.48966575705538
-0.7035511516339324
2.391451292868023
-0.3728182548629995
1.0895859240696724
-2.296261645362487
1.7893568858808164
-0.2219830427748457
-0.699731453794631
-1.049296554409204
1.4120286386365675
-1.8542398655051424
-2.28100221985732
-1.4871497036301096
1.6169953368340724
2.101913345159096
-0.17725986648346098
-1.1244077018201522
0.3969996819075931
-0.8678067890318862
-0.4978951986652858
-1.6787247252872244
-0.31056455547077016
-0.8307411840941785
-1.5575791793667029
0.317822206470247
0.4934091138127185
0.18993802170707455
0.09182393399509238
0.07586554079326337
-0.8574071582613539
0.03471207348464328
-0.1237622873836838
0.8889073316602261
-0.20263615079286912
0.8266913708132405
1.660125528881554
0.058401372865600064
0.037935845974267135
-0.0035237873268554112
0.3495125680745668
-1.736879063543664
0.9253806462061165
0.8752707028315883
-0.24310343200331275
0.06515675856868718
1.0416101886694646
-0.1608612025721578
-0.9884883628566083
-0.20284655409445873
0.05834053975065801
1.2506584169316006
0.34026655833616753
-0.10477755216275986
-0.18415237805300388
-1.2535908209762028
-2.1222166492515533
0.7228876792853833
0.9532289843827577
1.573532364392328
1.3137287259280939
-2.785819921392366
-0.9198801707954831
-2.9921773899797253
-0.9110109471091573
-0.2407395235597714
1.3829072168640166
-1.1000529004283968
0.8578967383267677
0.7469698031522898
-1.0365828930721745
-1.2191859187236742
-1.4115656613332188
-0.2143200670265741
-1.275562191703838
-1.6529558978329661
-0.36098504851215246
1.04288529108325
-1.026762577453005
1.1053714238785741
-0.4242447601169552
-2.135919575236863
0.2940678046732809
-0.5114233426113383
0.39053910226904426
-0.15498535994552715
0.5665927065681597
-0.5886687861049659
0.9600110281332191
-1.3433619010765208
-0.24222591540034422
0.9609029356364505
0.6874285394074876
0.6037533402327924
-0.2528472634007716
-1.7322870593307584
0.6957787022144272
-0.21071014719936965
-0.5306043145316623
-0.038501466532917854
-0.3433740362449362
0.8146427280477005
0.34163879981797474
0.3848891727794984
-0.3282026494117951
-0.06205740898571248
1.1657330631927114
-1.00998949652522
-0.2830054822443414
-0.5760990749972801
-1.9563981171853964
-0.40542109834741435
-0.4267160610712658
-0.6071344792561661
0.13774273093312514
-0.09179546935508136
0.2980212910763038
2.2438718357964023
-1.3577520587228922
-1.5593443073474753
1.065843401042567
1.664852885975592
0.5064749917134787
0.5368642590590028
-1.514768374032133
-0.5590049777424686
0.028433021280407582
0.6919919670887084
0.4423345026201485
-1.4622476838976248
-0.5728901762344072
1.5350310124416542
-0.6402663378732693
-0.7845357888646114
0.3360146113695248
0.444215896880987
2.019075140448587
1.6275009082985639
1.0990778264096264
2.042712192827603
-1.1596221298323455
-1.8235627075317267
1.9823458287808844
0.03888805204785405
1.224801178562884
-1.0171182974805018
0.19513708648638578
-0.10304505358582891
-0.38474383593562134
1.504256614587622
-0.5016264349268035
-2.249645879645128
0.5761614578313887
-0.3889252023070501
0.027710542603512002
0.7546806422918265
1.529807059870164
-0.5282993271379741
-0.2882500287029943
-0.3055423953562662
-0.04731946578320955
0.2758327552270671
-0.8825008210555415
0.1985490503599408
0.2960903830491625
0.11119877663087571
0.10909391487618758
-1.230132532802277
-0.2693286623886982
-2.3712539869719182
0.4389720552583279
0.39679745352948875
0.17232337217464727
-0.8291624099756417
-0.5540458316412843
-0.7033593330200799
0.42131019842432094
-1.4150247529262268
0.04182547918013712
-0.49746087672393474
1.0747923231953
-0.7236965311255371
-1.6501458756107237
-1.3842213091501547
-3.1044926379232685
0.6897082764219521
-0.45979381814161296
1.5906949016600154
0.020729761872111962
-0.31670038207271645
-0.4390141956259583
-0.09445752076992726
1.0209801218091334
0.3460197881946533
0.29522186791258576
-2.0382233020600475
0.3451334462826153
-0.549110416268003
-0.37443219673390205
-1.3834828525494725
-0.8259913334752795
-0.6053199099540978
1.8579978000248993
1.7721351293844883
-0.8845686427312499
0.5983770469689373
-0.1690096668792212
0.21558290833560298
0.5903193969647742
0.7507613820505377
0.2842788374765756
1.8389139627940396
-0.13081801199013648
0.6444047986494168
0.08055035880859619
1.1251743238434821
-0.7217592412012174
0.8375108893833144
-0.9979219291464698
-0.700142264486832
0.6248394100880149
0.2544023617533455
0.6040924306147413
-0.15433624908511828
-0.1354597682020793
-0.5089540537984638
-0.8542120238971245
0.6724545921922886
-0.8255837081056974
0.5504646848839198
-1.1459409080219878
-1.1139122930584435
-0.9491874405878824
-0.7472961637904441
0.02160907097155017
1.685486364205106
-0.5674067653808514
0.3600127846443159
-0.09563671836523398
0.16888047271288226
-0.5214266343302866
-1.7775476607317027
-0.8737782934683377
-0.5333423908601774
1.4454396242241858
-0.00696782207266012
0.4656801428839968
-0.20932697196801495
-0.11496324771711094
-1.2198976605817007
0.36577758742119293
0.8841766180968803
0.405494910007029
0.0020511249787323917
1.1171260260512021
-1.5908976613553385
0.7464562514873738
-0.3704900767604618
-0.7819003795399596
1.0793679488050203
-1.018849292107677
1.411529871518733
0.18842099320264055
0.27764648156404176
0.8696694855948164
-1.3237412989357833
-0.412837709988976
-0.22687638718575637
-1.5572975192923963
-0.3394262748150342
0.31083173125021035
-2.1178603169700785
-0.795066738961735
1.8918585859883983
0.3694455853998742
0.5759121837188079
0.925039645684171
-0.18970738875472665
1.6146076224773998
0.767319082458414
-1.4031497267146575
-0.4036638200957375
-0.06912892581190101
1.635685188892706
0.6391776725786664
0.9417815593392257
-1.3113119100131367
-1.6878975631794755
0.22847638984820276
0.6995032111435999
0.8695619285166852
-0.9033611269768055
0.4272635883000812
-1.1489218333084514
0.21646271633245126
-0.5744892023924764
0.0287900763909813
-1.0508035938152338
0.6552349084089388
0.008900365342380792
0.5767511827131395
-1.5163108858087229
-2.413426864310757
-0.36707336161701654
-1.5484126013857096
-0.1993564964055809
0.13197600446463068
0.8665586993491471
0.57100794351607
-0.8295302234266627
-0.06434249088701378
-0.8471188929114759
1.2017259793782906
1.9823717046264842
-0.03540522773004805
-0.7217590509671062
2.1062399042454008
0.31304448643387917
0.12655122947255698
0.07962652191823213
-0.06828259877453942
-0.9723758944441241
0.927429792326637
0.4297712925075942
0.3787026216196316
0.2230829215691798
-0.17719059539538873
-1.0459013891469082
1.326296494989515
0.43572430653025235
0.9881066548369009
0.4843805683475256
0.05582075574599597
0.22563588821899822
1.6066698802051
0.5509850976079953
-1.0271364326251475
-0.8842004250556734
-0.5578420179182617
0.8772174425433418
-0.23672545500244568
-1.2837203188419408
-2.6818484619354015
-1.1941148334857992
-2.163820864614078
-1.3003782000137938
-1.0083544383700147
1.3406390569010385
1.3502043096141076
-0.2310455805223603
-0.4486284648911485
-0.007770354640272664
-0.6060650615090063
0.48773386994462076
0.22437889183452425
0.13714118945157514
-0.9463798395660072
1.2843556154599163
-0.4146031733105707
1.0945130395629268
-0.5275220017791967
-0.17611582597774447
0.07705635935829509
-0.6354152222714342
0.3367478546048999
-0.4825093353980217
0.2184642181320657
0.3616501446404799
-0.4707198490619556
-1.8020497691943733
-0.4150069243900218
-0.1449122060545016
-1.646404675534821
-0.11362102391863901
-0.09271027962400366
-0.37927419847558225
0.2811483261114724
-0.03815553902131397
-0.7102941109619513
0.036495293318764305
-1.3308325268069574
0.38735316886928406
0.04067271418204964
0.8542152296371435
-1.7975102137979273
-0.3119532519596988
0.5308209927491958
0.6696153436090003
1.4733597535943832
0.8759424739086722
-0.41790344476266184
0.09613366987217299
0.7682381804495987
0.19092312496879954
0.38262299510260966
0.3734195016881342
0.6960406166931142
0.11368064966388208
1.1012993155945936
-0.8860376581875445
-0.8403771587349441
0.3451381197032309
0.599388948546198
-1.213923449122905
-0.08157436703158022
1.9279563808138134
-1.266880206598968
-0.16176157002164523
-1.0640683940909468
-1.5974256757960974
0.14073003822338903
-0.3250365726067528
0.6616258087382213
-0.6981585804463614
0.47373821710328323
-0.5590057837215728
0.2683408066677016
-0.0532469157732695
-0.41613503472506114
-1.285844025775254
0.08427901744887434
-0.09065548830049985
0.9875375086189546
-0.07705606660262275
-0.42236575820848943
0.40733776315639864
0.24782827446045938
1.6623999267501288
1.4203426216881676
0.4467941307762641
-0.28026306795538447
-0.4038800015647358
-0.017651426535363682
0.5595508547785619
0.9160000949616299
0.8715116319403712
1.0599294602884395
1.2171309218363464
0.22624776160541543
-1.4578421961525638
0.41863164728719904
-1.165157848143263
0.2346229957356221
0.334784087341727
-0.6637413226418512
0.2828990681229478
0.5876128938945364
1.2540717314505088
0.42811916091429786
-0.2826281066106694
-0.2080710351186769
-1.9172347705585937
0.2846883576735691
-1.6265352646113016
-0.2640506366651135
-1.3925910082111923
0.5059916756531767
0.36236093338844183
-0.09098104558141808
0.8470771932080945
0.3181922653912672
-0.02447250072425349
-0.5313712276123436
0.4787407006239302
1.9430188028111413
0.2173236390003887
1.2412998530683952
-1.6891328101775247
-0.6806531206615414
0.43734241984437866
1.5233703104195944
-0.4511710861682373
0.6804747391106695
0.13418778087617925
-0.19363342382321624
-0.951960859211087
-1.5988071875626293
1.3989161221253767
-2.2899586551594697
-0.3974737257108525
0.8435880955806454
0.7517270901170056
-0.6899131120786981
-0.2792625938717091
-0.8045361327045488
0.9894784849341871
-0.2499859991766184
0.41069829809533137
-0.6143448156234755
-1.0232129538908394
1.1392670358367072
-1.0469804930828266
-1.1194169142683044
-0.24124950378299925
1.1633540488573988
-1.1116047361483565
-1.6780869473846358
-0.3914782885164294
0.9634514530461598
-0.7962385335639682
0.6157837852098456
-1.077891838106361
1.279116275509359
1.011646469082588
0.6085284804018919
-1.0004933899711181
-0.623536301012197
0.032722147914548284
-0.14708567870852277
-0.023036827103140985
0.6689201841722393
-1.3855217520096585
-0.22388534395531381
0.633612027854842
0.08008151383041633
1.5020187664652078
-1.0926207574388154
-2.023170891192637
0.02984021722722609
-0.7144057504919218
-0.40014583509811985
-0.19645660669781298
-1.4576635875886947
-0.7502153734022428
-1.057940830712726
1.5583161620230939
1.9894036870261478
0.5123227723091788
0.15901535410426984
0.40278017761532814
0.6358007253500778
-0.05382366176386041
0.12223273494969789
-0.2566928725381867
0.9621876138740353
-2.424666713511593
1.1637817103106258
-1.9663406247882576
1.3139553353776487
-0.5876027515661176
0.0951483378940885
0.6372340916203038
-0.8866809511698696
0.0930959870455886
-0.8657895787566571
0.49994216393017843
-0.2928289824161866
1.16746799055122
0.8898404760447208
0.5127600969012899
0.4916925898310117
1.4341256040603554
-0.39495280252967085
1.081129571700531
-0.6831048130954352
0.6208688113183826
-1.022932868019285
-1.5808412661447604
0.49963113189420555
-1.793635727241062
2.3062288119221694
-0.5715320529357217
-0.5987688412826824
-0.9436420084191044
-1.9550945822802503
