0.3360273050831454
-0.701875465327215
0.13766626501535822
1.213718636757928
1.2567688090557017
0.04357348712276253
-0.21872063744196538
0.44785665041943695
0.49271697676911347
0.3141858322256374
-0.2410102019159969
1.5622150067159808
0.3950484967023684
-0.27010842586648864
-0.6587385385320907
-1.1656249176034836
-0.8181684691408242
0.4140353269413763
0.18242609321917932
1.4796969699445695
-0.8148794729987798
-0.31718541443707254
0.06717534536423633
-1.2775781854384085
0.8952587645679871
0.8995940999521318
-1.0523166105921176
0.005377747326161109
-0.8033610433660642
0.6050346998289688
0.07793507012471304
-0.007740471994674646
-0.4186918649773453
0.6934970770304256
0.22771670650386905
0.11237040735379088
-1.1269887599117279
0.3570818170380145
0.11404143089122286
-1.154675345794693
1.2139977124582373
2.0743419066235615
-1.2167873848933424
1.2127698224179966
-0.8073278914093293
1.0979496865097291
-1.6351890606419643
1.2615264356070894
2.5975409010047543
-0.4472542537725341
1.634052640170027
0.169800976420517
0.6996974802689854
-0.46279614048738643
-0.14587379281231305
-0.40942576959433785
0.5947185062149172
-0.5744901116750087
0.475770786298418
0.8140782450718475
-0.17473329367725707
-0.5903016833200909
-0.20579445721110323
-0.7115737717151199
2.075435510971821
-0.42401510955480065
-0.8308661697864851
0.30995265289073637
0.1747227601879328
-0.5119338787745252
0.6593820912535199
-0.13981578848294846
-0.4327915319558256
-0.26951143362126945
0.2726522364419112
-0.5030967347280346
0.3048164832007276
-0.5525628397224938
1.7731753008908266
-0.7785502050244809
0.5561326754070591
-0.5868913780081062
1.2578929988377154
-1.4979140146125567
0.47833112081068285
-0.42548810311928226
-0.050067669717363004
0.21935029761539265
0.20917176786463576
-0.7008218636426686
0.906731418934985
0.18374437397301857
-1.2426582760309934
1.0360737417948245
-1.9529635007164667
0.5155291111589664
-0.7430588495192885
0.8515974174599212
0.5267482977762108
0.4391144750205194
-1.7228320281144875
1.2001061663631882
-0.5544779567746381
-0.05141048375701309
0.10883396361029853
0.5659072839148872
-1.5509458562925245
1.200776884678674
0.12084414500457638
-0.6964813425400882
1.0084041523778662
-1.3653104141745664
1.394203750155619
-0.31200070940547714
0.014712896220187729
1.805162900535276
2.596586653876235
1.5507028960818168
1.136396872844459
-0.4865040445387044
-0.8621030807042622
-0.547252660420535
-0.24614772919288755
-1.0330325545181493
0.4408474101233463
-0.602025989914407
-0.019660061898209732
0.0269869420482444
0.40753428462983216
1.8415192202074409
0.8252161561714423
0.4356910211150775
0.19316037465977057
-0.007981960937018001
-0.7884232309620843
1.6113686643483236
-0.04398140794040262
-0.4406821793703948
0.10399619835647295
-0.3108370214917408
-2.0147485674719303
1.0615958804037327
-0.5046948606937742
0.06166879388517207
0.6577682230075536
-0.7575397996783918
-1.4753573911606388
-2.3675179708708383
0.7005709823014984
-1.3501941735651157
-0.23350444403468393
1.3418582390529745
-1.608047160229878
0.15225638347791645
0.05557981136153608
1.1019598288377899
-0.16352017836577779
0.5618171832024077
-2.215070794608825
-1.7140589541636888
0.9465850294520458
0.4883047622847657
0.21065868540358687
-0.5650591766087183
-0.7812133468859884
-0.25703758459558873
-0.1918739537098616
-0.6131719989459699
-0.5730109134589696
0.7321975527627155
0.5242743978399217
0.43305430598001615
1.4924074783756471
-0.5591697124135694
-0.27827856488586317
-1.6674077511668166
1.2309999945200862
-0.4937880049240764
1.8225280489973492
0.4968239965637855
-1.69268061524219
-1.2243424113779433
0.7397547399567522
1.6904025447322373
-1.0439443339010404
-1.1784322451136133
0.24522224597748932
-0.47814128403690265
2.027438773958849
0.12380730009597107
-1.569861779779573
-0.2769432223053675
1.0405653043313832
-1.1773776115227472
0.757325140433278
-0.14212142872007114
-0.07122654097472118
0.7418656096538486
-0.13837999560768752
-0.5325129537908618
0.8986161453392868
-0.755909439774401
0.17218024073458993
0.8156732368014521
0.8488668730982697
2.0722143731228413
0.5155923020661762
-0.22922650203634273
0.6498565093530526
-1.0227904517331299
-0.07037623320784944
-0.38790724240090607
1.8732041926299445
-0.10653668456461425
0.006525336576632647
1.1998945066973374
-0.7337368467903118
0.30194772146767107
0.19940303690812597
-0.37928186501902567
-0.015743446105098643
0.3009331348127211
0.48834665697703145
1.252151549248653
-2.0183129918440463
-1.7220527276586222
-0.03020288709660373
-1.7837068735997654
-2.4075115622756447
0.10461531099470212
2.396462172526344
-1.2303315572974114
-0.36658744873904514
0.06887322143006439
-1.9429392695627625
-0.3051246288857673
0.10125479720061815
1.7385047834042324
-0.05182879399022603
-2.3611856502481965
0.3663073925163143
-0.26049112566104127
-1.1347329175538419
-0.26971058671367626
-0.5318665313693808
0.6921138876876806
0.1889367693110061
0.10498787117588176
-0.3573656830467359
-0.3711078895422505
0.9097990738623494
0.41446152407057485
-1.3685772254838027
-0.5790255497411453
-1.572232515580896
0.02139276103922167
-0.6970143629315075
0.9015836807030115
0.22085355047218336
-0.40467312600994276
-0.9468000247946475
0.3662060323756265
0.2931434607294726
-0.8256381468951614
-0.6122308148643396
-0.10234032385655022
-0.16492080373573573
-1.5729875086196208
0.4557015351737065
0.12300480783638224
1.826255218418149
-1.218354497169809
0.6644045167982359
0.41909287682539703
0.39716409334916053
0.9235578927814775
-0.27750988183294245
-0.2413722386342882
0.2507769186812695
-0.09213084907936397
-1.3552999401264236
0.29691300754103117
-0.32466701832018646
-1.2212243503015299
-1.2370495618833348
1.1158750572329672
-0.64981024854407
1.202487863527096
0.28014439338326064
0.3566149613673875
0.5809024811052672
-0.31482348541228933
-1.8107806597769727
0.8072882719102841
0.5291586079557848
-0.7035679897573853
-0.17804901592518446
0.6264529103598365
-1.3525224224973165
-0.9468999368760671
1.4373562079096487
-0.8857502152973595
0.7591868423443514
-1.0713504783302201
1.7064707374953547
-1.0095289555931475
-0.6839429047860005
0.7370136278659969
1.264579214024359
1.2858407331895878
-0.41218803044835106
0.5063117474475429
0.021648829065498858
1.3916989172008671
-0.5239457221714775
-1.0647996394410644
0.10302195290764782
-0.9092912417370808
-0.5238867616936256
-1.2035786504144226
1.5080174525723453
-0.8696480419326887
0.6030713074651672
0.8716097468772894
0.3128448986225873
0.6881531492770893
-0.8366560782445632
-0.14108260052425334
-0.1544862574298503
-0.4366244072617788
-0.6055962842280866
1.14651754559163
-0.4973872271581946
-0.04502186737231093
0.40986509059451104
-0.2847216296453962
-0.5829629293742905
1.4263003586904224
-0.8278362462743726
-0.13394709673725455
0.84052317457018
0.9535757130818281
0.6746803532545153
0.5875191074706967
-0.4024025623759722
0.6499452955704196
-0.9744664039047578
-1.4480311072136354
2.2935352520597023
0.48856671620090386
-0.8815101725775765
-1.8014876380725342
-0.2782893632353287
-2.4727978365800376
-1.0482980752481854
1.2114014167194653
-0.5562171900721824
-1.658285433555817
-0.4045146297525759
0.31538917841078606
-0.16301677406707626
-0.3375704698281104
-0.7342253775508645
-0.30228447313672074
-1.6515914239823228
-0.4127174058042905
0.14085221570200515
0.03833303960978253
0.7990860569628181
-1.8110338356858287
1.2525061904850945
-0.7065026689952608
0.8743130999364805
-0.4727120418495064
-2.2159938898355453
0.199026218947434
-0.862646391099559
-2.1519793731470562
-0.09675594698929281
0.9358356710684076
0.5907314224785962
-0.6635761411420119
2.46787212464618
1.3516334912195689
-0.9360846245852112
-0.026671881430087162
0.6240329157166778
0.30579868924739295
-1.0210456475485137
-0.09909334229877254
0.5544265569668434
-0.7697689223734894
1.8813221503975113
0.14522291511778204
0.16513584615216223
-1.7496940138441759
0.454429797096457
2.107816501017446
1.3609375538894022
-1.6557204843572626
-0.7840182114393861
0.2405947735660866
-0.3186116862464511
0.46001221587129537
0.27627076261575645
0.3489926941454064
-1.3452702921086768
-0.11582149425906824
1.2517264750211714
0.8268097420163666
0.41487129512148213
-1.5770165168317145
0.008827500495154659
-0.44428196302167094
-0.8871359002330023
1.3257050015287806
1.121499017457834
-0.018774050941689328
2.316110519991456
0.7575400817000284
0.5657298759639247
-1.2487759378843961
1.3241402954178116
1.2124458977117254
-1.0761009992327264
-0.7894949290905632
0.5544757359765364
1.367540601489903
1.2865942655719995
0.08672119274284429
0.706281415079992
-0.4098271721799623
-1.071064846262558
-0.19790574872629849
-0.19547676233146355
0.6626324392630457
0.6708146499886588
0.32329984394964134
0.02391540973821153
-2.240255300713268
0.3736055123598595
0.28204408211011095
0.48852700426848145
0.49604911965528803
-2.1745265755648964
1.4951895418236132
-1.7771837632309921
0.006560480621296994
-1.2028859809733727
0.18466366132738787
0.4737670393009007
0.1510647765794921
-1.2606905980100973
-0.011830842634488345
0.2890855464343769
-0.6089264502053718
-0.6321368508807774
-0.45965402607486616
0.13303777044965642
-0.6198912212625315
-0.3233365348622046
0.7672663541293809
0.526374656532214
-1.6221407216783224
1.549801526363351
1.1195411438107687
-0.6078736890347864
-0.7983459551434502
1.1800145701419542
1.5774089667448197
0.37221395820348024
-0.17428208888420288
-0.8296933818764995
1.2771924151081704
-0.16959199835060204
1.085270767822923
0.16960689415581612
-1.642682721977372
-0.7093606162021329
-0.024842243689198504
-0.37403506744419857
-0.8647966229588374
0.2025527402635892
0.39169141544388
-1.3745470109884015
0.19325314308027547
-1.47072284635418
0.5346331656902685
-1.015663681013578
1.4896673445313786
1.5572746546721896
-0.018540104672463288
-0.15840217022874192
0.7307097688231871
-1.2141967676007255
-0.7841328045355124
0.8079992826699465
0.955854959535446
-0.07237556706551782
-0.5610160498251348
1.2587375493903685
0.675507787937021
-0.4559934292424392
1.1900320233462156
0.8431173451778825
-1.1525937978570795
0.2277154946031819
-0.2499106555770227
-0.5142356838676386
-0.4156180351103835
2.186250230025407
0.891100552106496
-1.303610644072603
-0.7984949380313051
0.4453648725084875
0.9048095628074034
0.08290394315016109
0.5577356881229972
-0.844330094662698
0.9624765888771463
1.412381864503673
-0.2077394884425103
1.0677052768293995
-0.7745308371163308
1.0945414687610036
-0.4764465051368655
-0.9105774384783953
-0.518869622730715
0.28024333501043813
0.6728616720067977
-1.5985873294090764
1.128391275765842
0.16252430255197833
-1.3437320949299727
0.7000309943685827
0.5791105831189068
0.3960820989470977
-1.5561359459071
0.10341144453789224
0.9377511019500248
-1.0892912837578443
-0.16744540347239723
-0.7978344103742654
-1.8535784202727408
-0.2537793261164553
0.6256278315732641
-0.1471337127827825
-0.9123957207307599
-0.442635688333157
0.11646373572397514
-0.35788675945935305
0.05909039805219762
-0.5453238704194613
-2.5834562811788286
1.520240869342878
-0.2537110048773892
0.999767246804519
1.9370942912394054
1.2691910579292287
-0.7932133868561544
-0.9899878532995018
0.3337377044463927
0.17159674695201596
0.14940739672359477
0.6518463866574269
-0.6950964914731133
0.07131929899257144
-0.8579574043151936
0.9509576839311998
-0.8237984209811958
0.5164740829346597
0.21582534009969712
-0.8579885220155754
-0.7834131349403339
-0.02381844541219214
-0.4436658021701423
-0.26715429909626187
1.7746256143950303
-1.1514610438574613
-2.4082006510911507
-1.3830699477272161
0.3213970914350192
0.5811840996447938
1.2605167327995062
1.0570540647960245
-0.5703096462313345
-0.986578737197093
0.3031019171064108
-0.08666630898405885
-0.45491804881192605
-0.5877559212500701
-0.3005902512480062
-0.3529507979580399
-0.06680422344986833
-1.1580166988565406
-0.549124065985239
1.4592449390917686
-1.2249248733549911
-2.080611839082676
-0.09496995012005716
-1.447201564259996
0.34532692206733856
0.19442681060611264
0.694380959739305
0.3156955415169618
-1.6751537221109323
-0.7593503316953666
-1.0122144239204693
1.459939617046062
0.07154772340044628
-0.30220843212469234
-1.1477962358677485
0.6699786391927463
0.7294212512251355
-0.6100495847398946
1.5495494313399785
0.8025738963715917
-2.077167557903401
1.6189890809477263
0.1391883521686695
-0.3323034247354901
-1.083523578487166
1.1437001037594754
-0.6308304169815998
0.7756173739251362
0.6500691732237981
-1.7679312868588863
-0.26175626734832974
0.42384726386535587
-0.5508784368014604
0.64205653598707
-1.004749724495545
1.3357818192622504
-0.26540851269173954
1.3591415206937516
-2.7056680843882845
0.9222351812601571
0.5292985281329234
-0.0976101522073257
-1.498249421693845
-0.5194345016286807
0.4281115497634518
-0.11326074721865924
0.2110009714206446
0.6760273054761624
-0.8216044028414514
0.8414449056722078
-0.47152959100627306
-0.7374355189269025
-0.10852919238353308
-0.4724982840567196
2.175196310649027
-0.24719105660585078
-0.7791845604257324
-0.6708645609948397
-1.2196797032914224
0.15304853487032352
0.3775853226665608
-0.3434355136383483
-1.0150804100424544
-2.6860662666441155
-0.8095225774560355
0.2098022614637006
-1.6607019882013658
-0.31004701679331137
0.8379809557634271
0.16451688083056498
-0.12384127048121767
-0.23616758361297907
-0.3834511440603201
-0.08596510100580608
-0.3287679597302326
0.8006607920605279
-0.0004310734345920832
-0.7375035160165189
-2.122997348852185
0.9472767380345932
-1.6393887571824086
-0.8636848362211773
0.2968506073871456
-0.6783804144623378
1.2522819441464805
-0.05236469830126444
-0.161591705841248
-0.6156859786080972
0.10354194981597475
0.21305086164057285
1.051312633241977
1.729182934087844
1.3708430966598806
-0.9275023307679507
-0.3017056054042745
0.7372837966303508
-1.4343280332704296
0.6762287913206254
0.8892493630914834
1.094705583871141
-1.6118432853099773
-0.40498864044612953
-2.19788323936009
-1.7960931134363283
-1.568506624822742
0.7702750604045437
0.9279009873021944
-0.8025249603487287
2.9959373208732933
-0.1637473744710922
0.5122479110053376
-0.12270027107588141
0.4028110311034717
1.9517265129461197
-0.21671022863668596
0.3383086625721423
-1.4770098161717842
0.6882080431093097
-2.137663866931298
0.7835425714953863
-2.461553453358834
-1.7260060830900839
-1.1823267575032048
-0.9261362249268364
0.8517226281464337
-2.7572598359303133
1.0404937239574399
-0.04886207144975871
1.0974069770529051
-0.21363864470124086
0.6063339253257845
-0.8173541348190979
0.25540869717909753
-0.12478727666189539
-0.3635944504320164
1.0739335483420835
-0.9271157583118087
0.5240799610857563
-0.006815132569840247
-0.40143421125712114
0.7734660498316943
-0.3294138741647114
-0.80053636849257
-1.0704647566325336
0.40077884533959335
-0.525046382938284
0.6158576618422802
0.36123010161873975
0.04235765439571638
-0.5450319016479388
-2.207837167323921
-0.9756805602834862
-1.175749759979608
0.6876099833580925
0.4645319003807742
-1.5254209789238746
0.020231645900646154
0.7379318211866028
1.3618440281963442
0.6032073938558874
0.32071278057216096
-1.3564286777588634
0.07585660674704452
-1.1065041334540382
-0.6011251342770485
-0.018481528334586664
-0.964466218866123
0.6234920781674784
0.7083635613784438
0.18337420967105994
1.4190822867697324
0.25454158860806525
-1.023405151207755
0.865701097721719
0.49818710989094345
0.5531539528128702
-1.180137023707093
-0.49040574055444863
0.4183301481530238
-0.19391927779464713
0.2693288134896202
0.13410617131671795
-0.03284243748462978
-0.8380655332655038
-1.6570696134184018
0.10644029075402354
0.47858356453999457
-0.3041448956224603
0.6182145906210248
-1.8730436494898108
0.2431525534682785
1.457362416062823
-0.5824296734068736
1.2756577774061526
0.5527024316786666
0.5256984304412552
-1.1407853010703353
0.0933409303397528
-0.5482867831825006
-2.1214329066490567
0.4073397955035714
-2.3480856496662033
-0.8758147890004219
-1.1380335719971897
2.3710876084526324
0.856828299100855
1.5281524443633236
-1.2005362590563327
0.953459441283536
-1.3716124759311188
0.7141447173322456
-2.6695687108516295
-2.157057954523595
-0.16388505959107708
0.18898111993139569
-0.22402107625588003
0.1376544984361776
2.226439464218353
0.4869582055074976
0.46698965714685536
-1.0247897745810908
-0.495885473873048
1.3018379693213757
0.13394482767060664
2.459032060218361
-0.13471125837321435
0.6425257850364455
-2.052523558065639
-0.03068244633592447
-1.7376354564977223
-0.08188845746289825
-0.522197051570184
-0.1410345865682246
0.9015601641060048
0.3979986559333053
-0.2890675500404349
-1.6328291424855241
0.9416737869708675
-2.638115206433433
0.6554395920823511
-1.1912213970316443
0.18669659081197984
-1.9643557771634914
-0.7676513987698409
0.16848246354772162
-0.49495128047638864
0.396246032859064
-0.3461149498751675
0.492983472156942
1.0456166796407351
0.6852238845255583
0.7071572136223581
0.14563496769812043
-1.253529606854656
0.08666715599668312
-0.2952048220861399
-1.356044093628572
-0.019048936049026723
1.1983333539816876
0.24390245153291779
0.4970664636352048
-0.5281557042426371
-1.164722076803858
-2.0330444236971306
-0.18518278902320842
-1.0952512598059907
0.051549527562874654
-0.8806665227914452
-0.7249429652342629
-0.7376138196078291
-1.0904720858715973
0.24437915095426369
-1.8081564297645747
-1.1861768302119688
0.886492679302752
-0.8291386460681006
1.1030691988208272
0.39145122706033514
-1.4573412443196925
-0.07473668115804373
-0.8768683345590418
0.6523331335898106
1.3914549427059288
0.849082528918769
1.822054248976545
0.4985871721472082
-0.563978959525264
-2.0008212809728847
0.6565990169912973
-1.1881292880482046
-0.4734023159908881
0.17333455325383396
0.33929429146821277
-0.6491241143163671
-0.8466787093635285
0.2161939058721513
-0.32001779043655243
-0.7953512524188784
0.9629878636900177
1.1468348383479177
0.08841342457911557
0.20282027317625254
1.2798945365032506
0.6431236312151831
-0.9257146767943695
1.3203951982051396
-0.5406007158617989
0.43617277843434527
-0.46050033443691063
-0.9985866226377438
1.3550207254323148
-0.20096630837052576
-0.9834683188273824
-0.16889659622989914
0.5598587525821783
1.3429385277847812
-0.9775893749020322
0.12058590079430324
-1.3763785826283743
-0.9034556638291832
0.5149931042250107
0.6825005507362911
0.484065159895626
0.6690005546729375
-0.4886853567547305
-0.16036598862934742
-0.14612640111863542
1.940874287261374
1.6168941028373751
-0.029992639065983588
0.7803688847213698
-1.1401343140598692
-0.04143306461626859
1.6863861493805299
-0.8222441119565708
-1.1900948055194858
0.5170532287739296
2.437627719434468
-0.06808659993068905
0.025420243864621814
0.27653309465439957
-1.5291289936494479
-0.058985293981552334
-1.1595773756665084
0.359638246143642
-0.9972514852104709
-1.4114713202083808
-1.357682597241338
-1.3385620787179757
-0.12090112648781132
0.5303896110803878
-0.7474089504916651
-0.5412509126343046
-0.7572455035978134
-0.13456249251377314
-1.1368279372516874
-0.9920224159962115
-1.8292209669688213
0.319569884788583
-0.324022879977774
-0.7036273964999638
1.0283923573843463
0.8975052002313073
0.6938276578932611
0.6824523800032343
-0.05835372215337465
-0.38063224124224204
-0.8163519377882603
-0.28085160432462153
0.39907480682256774
-0.6693520200231557
-0.10337536052400147
1.3509895066473345
0.5739664331118298
-0.13170660820949737
1.8478342140439838
0.600564804450945
2.093539016125173
-0.2343397232793843
0.18637752284909703
0.41088419630040207
1.3506313617822483
-0.13818239997023468
0.8314914899785587
0.2885408688713955
0.07894346711999019
0.38224342784793053
-0.03679907263277857
-0.5754946245967164
-0.3067760972898129
-1.5362067388196243
-1.1946814423670322
-0.9337191717085949
1.3584725236566901
-3.6160469235592303
-0.3513935142153768
-1.5315740699606166
-1.0728983994090562
0.7341796037011774
0.06700856504589339
-0.5838587734867963
-0.5441173438452357
0.46060879587385295
-0.6577906000846705
1.4808371928947517
0.5372347207624403
-1.83225804667459
1.3585109252975505
1.1063816901732078
-1.2435174737072494
0.45117114808871356
0.36013736221247816
0.1483900700827049
1.4983010720819263
0.7213303629932049
2.1562372839752437
-0.2382513228306532
-0.02218419951543647
0.002712726892112198
0.5502989808780276
1.3142727771716614
-0.2536131751271202
0.9098765012561079
0.40738447132141187
-0.8536623018245322
-0.26149534165400556
-1.4253366190365007
-0.18603347856653832
2.1016513706443334
1.2474748200083918
-0.8132983915775446
2.192860610162458
0.7682507948170111
-0.8532674477828216
-0.37057850317115415
-0.20425454954799227
0.8941329793680212
-0.25072950429779745
-0.7909765699703716
-0.2298765782892452
0.5291052176273597
1.4674406560600877
0.39615289975706985
-0.44022026387406893
1.6318438086650158
0.5913908050448097
0.6553978740475077
0.1060601080554537
-0.8211549661605191
0.021951945550621788
-2.7703988927633323
0.023592763409864936
-0.3110776115572577
2.285991987110539
-1.3795444268340826
-1.334222768910375
-1.3232312806133437
1.0101651560381173
-0.6132508637374513
1.4010958324292704
-0.5502677784413704
0.5667931213460855
1.3771514092239237
-0.23838708132619651
-0.886306817431254
2.1380044449494338
-0.8696429874650361
0.5440653392240009
1.527622060984041
0.5196641527726291
-0.32571858115121927
1.5938310350754241
-0.3245831289157625
0.28846144957494013
-0.5434511539226606
0.004067204160107924
-0.19065100790066888
0.2822442098193414
-0.30518463311453736
-0.8913873265236004
0.29047514097897376
-0.0734277895841623
-0.14123525284283306
0.5039206635195927
-1.0067204481067973
0.8488757413296606
0.7207489357848736
-0.803495487988573
-1.0091253241100153
-1.3233868234320003
0.511637033027064
0.9874099648088603
0.4574139844857831
-1.169264217569257
0.24008150154187186
0.10110487958521379
-0.27332014512062275
-1.3425083487504932
1.1862918768955182
0.5785086001757012
0.6585082450673563
-2.4748049661147427
1.0503455220154247
0.3252790079184847
1.094509688251393
-0.6497546708210611
0.40404040914582584
-0.44418704647482665
-0.5077964684311215
-0.8682077088876777
1.3314853506840745
-0.9021790687205923
1.355112298112745
-0.5566928046781857
-0.17994438705774726
-1.7275720573342812
0.7902150730646242
0.2344074502401134
-0.155666789519917
-1.0229033938173224
0.12308376027427814
-0.9122187977602356
-0.2599374193794414
-0.2999707685374846
1.2879964611561239
0.4146943641822619
0.27780782589446057
-1.0459470710063163
0.1826146576719076
0.23753951213237198
0.3492579175092902
0.404397787612958
-0.9533829977079892
-0.47997625259501636
1.1181163688492262
-0.08944184928545494
0.8055791054504703
-0.18527922228701618
-2.5913926599208255
-0.7773906100728928
0.14926803847753975
0.6627424685977935
-1.8777097018469597
0.5858438219039506
0.44194247534511655
-0.535794277743673
-0.15230688432096973
0.3635869301292991
0.3357097668654346
-1.2931021545278476
0.3073877664533333
-1.0931935784324769
0.4488653647813222
-1.0655286105809003
0.9791845127241298
-1.074229357750021
-0.22111486777061493
-0.2665518327185731
0.622073752254566
0.6536411186875712
-0.9182523978615633
0.6232661291845584
-0.7024478884989851
-0.17206687342380242
-0.789794552698277
0.8821164204568275
0.6670183310240405
-0.7856612493978398
0.33872595327743443
-0.28791326110652604
0.9811042776596139
0.5071811138618253
-1.050775356727085
3.1945685958173913
1.1290194176401456
0.5615514943335413
1.2267193417367122
-0.6275834879952569
-0.24200560430153167
0.8027439936498192
-0.18437280384151025
-0.8889616812689219
-0.646314938059166
0.11274481628633061
-0.8257946856910832
1.142388649934705
-0.4797085732918229
-0.6334875243166699
0.6809220530760889
-1.1360198736319234
-1.0230498740807052
-0.8933902010220793
0.4169379195613783
0.586865941909087
2.1383104842835863
0.1516479460462145
0.8053320371773935
-1.9614171008870493
0.5925121275429345
0.5853169353858808
-0.6826214383706265
0.46557188917447184
-0.6913942898313777
0.860302824741522
0.20174805964158152
0.3681984355672075
-0.28018491713818344
-0.7174859006420683
-0.13180120500007822
-1.5999835590975864
-0.9110271859068826
-0.37016876519634356
1.4107784832446004
0.7180709077847016
-1.5474656332247614
-0.535765169221078
1.5364569950641185
-1.5905412363973441
1.0998576269488607
-0.10500253148749701
0.30687350934696395
-1.2111815560473407
-0.3850102130774365
0.11561949345185278
1.745376158820688
0.17887342681785603
-0.5980549227323596
-2.0643147699516575
-1.169574463009694
0.4761807747725082
-0.14774609947293676
-1.4018020312039428
-1.284424293445471
-0.3058201713661742
0.8271479159552307
-2.691094988286071
1.0425971618136252
0.6053658089864882
1.7209656433694513
0.6771510379138166
-0.49200676053096054
2.57575860419464
-1.1439380558997645
0.8239006907309814
-0.02915011786074358
-0.4879915604770053
0.13511304546135197
-1.0230536375676467
1.1888768639577778
1.3654765413938366
-0.157997367536766
-0.6469835458345975
0.87256197504164
0.2660024502735752
-0.09037302956937977
0.5654368541433994
1.2619762507404717
-0.7380246897102662
0.4337885195490658
0.40706368260246495
1.215418019545571
0.04845115741947627
-0.8148033092695108
-0.9709828929770336
-0.3385058540684773
0.13034371632486444
-1.23812754662765
1.1019299459552103
-0.05081374705151751
1.0029669452421273
-0.945854290061187
1.8652026599285012
-0.1181303546814197
-1.7353062685562173
-0.9524982212422997
1.3916410084972863
-0.5808490365295844
0.13187882508099233
-0.24647110630277128
0.2844364522150342
0.3165877406847304
0.7526393926187032
-0.3832954279478074
0.3900280244352955
0.059646292131257855
-1.3429736826899954
0.7035519688262847
-0.8196820586660519
2.5852914131618077
0.25095596975671103
-0.36857384065768556
-0.4158159653670256
0.31587227478063024
-0.5025322440409319
-1.9116913479998199
0.2872029405170487
-0.036482350905137455
-0.060050518348480894
-0.3024080213452591
1.7293821583866458
0.23161388319430695
0.9170219786581775
-1.0584636840380037
-1.6305790076586686
-0.23506520249445712
1.1831342681597103
-0.058765914597316234
1.4842727457722082
0.19066612227392749
-0.21143997804027873
1.608180673589829
0.3497610242971886
-0.4254360292381736
1.005891498438256
-0.21969920214162658
-1.371048566914173
-1.0767381938870904
-1.7773102395783196
-0.32868821040305357
-0.2804119517867566
-0.644750388284953
-1.089000121168219
-0.9519736097742024
-1.095173463968491
-1.4737239667094753
1.8751391569943563
0.7896429726285937
0.2667035952804421
0.37028725840033216
0.021101312149894066
0.6458514015945376
0.5659445726757931
0.15694811853626675
-1.2577780111114598
-1.04544969536584
0.1571102705245792
-0.33866415090899815
0.10846860744291988
-0.5549697155041854
1.0582361164654879
-1.037246161939846
-0.7181327860670516
1.672534520770613
0.7593844679068756
0.8757792095620105
-0.46541452371536296
-0.4969156359003351
0.037074845397964955
0.17514762848957252
-1.1886374412639416
-1.0038736579339718
0.6013941077191116
1.4884661379039357
-0.3586412330802183
0.5947513581712018
0.32056856864300987
-0.1589538436462513
-1.0715314041068384
1.3553125712331309
-0.06287665346001887
-1.3939130086076836
-1.3721413895535883
-0.1636355175488738
-1.4448884635071555
1.4263617580547352
0.07743060489370761
-0.9537718336653106
-0.11982587527657453
-0.47166552537840273
0.7138012227964596
1.446746179129937
0.716109943047304
1.1574708330160346
-0.5827256584599603
-0.4882578344892977
-1.049584789961262
-0.8472721679871772
1.1694881441801626
-1.4029534072268963
-0.6012193553050581
1.530108570592144
0.40589516266863923
-0.6015731508477925
0.1181139230003915
1.242612639909241
0.8810826795379959
-0.18242281521498124
0.25938158320143223
0.2674046236458687
0.2806858616212971
1.3172687369117368
1.8680944839845084
-0.22654529845505936
-0.5726765055700952
0.8258920923084296
-0.023855878059947946
0.4246021132821486
0.3513341204338024
0.6948778296148005
0.6279374694432932
0.7278245479638379
-1.575500758581441
0.34045181698039956
-1.1403825194014487
0.0973449742570924
0.35547856308254855
-0.5471528793102999
1.0758505646779548
0.5237289745888336
-1.049658063012439
-0.7653538135207592
-0.27826752117216785
-0.4770361948669973
0.11640930125703662
-0.18630976511499384
0.16417878515734272
-1.7519908847378132
-1.8429414660527688
0.9045336670954941
-0.5776077007543792
1.4015110385266472
0.47591100900055205
2.2569249518714907
0.47804948091646765
1.2605469376360592
0.617874537867574
-0.4951106239023271
-0.4222917007455048
-0.4219305017747214
-0.7628854800481359
-0.5752568018862999
0.17149398664571663
0.27112512462471455
-0.2068392261522156
0.5918547768530098
1.1462157217340188
-1.2209785865166147
0.28257016306991833
0.5060637322394124
0.0872346273417106
-0.5771790519786827
-1.0471055349830527
-0.16616133598827915
-0.04229651617986354
-0.40029555874306616
-0.5235976703413712
0.18184957832669515
-0.1929049621225958
0.9590062992031734
-1.2474261431330833
0.6230137581278588
-1.7821156712580013
-1.283923307741874
-1.155721179719046
0.519750070619863
0.17795612929780366
0.9575882083019883
2.435638411884296
1.358365427900635
-0.6573248718236863
1.431764085093618
-0.36943400437430357
0.2920271943232547
-0.5972608726759842
-0.10549639772745342
0.22234492767825798
-0.2184422120846083
0.42929753030851103
0.8101158588388717
0.9296291671513235
0.747054128082939
1.0229839010933657
-0.8388639637661175
-0.8375344424543126
0.24033102084668545
-0.10837465513069386
1.0611140341370555
-0.4327244678071406
1.1870443463943885
0.41559911049098697
0.8496618912954998
0.1720515040983721
1.0419606522648928
1.2951411169610976
0.5185491644950041
-0.7979965387500082
0.5673295777032564
0.25650494204136876
0.6950312664615864
-0.5132735632140314
0.339159952240302
-1.1963091378649715
1.0924720218907826
-0.04368701176465389
3.3815188767183484
-0.4347391375782239
0.1967060827554416
0.7891825840480158
1.0449749494166267
-1.4364229609410137
0.9418947961059162
0.12083754879618229
0.11174649874858061
-1.2878514980326219
-0.1308479798526145
-0.16003230813274041
-0.9523503672106538
-1.9988605267823238
0.9870562113614783
-0.8425805062626643
-0.17363610382293249
-0.09764996345932328
0.9971057367307147
0.8051825164357502
1.3083810491800336
1.6454222673357473
0.9135860938910143
-0.5622154209507229
-0.7436547685364557
-1.4293307336222036
0.6395257314230661
1.065351883644651
-0.7561521189742876
-1.4972036926144254
-1.0363500660094116
0.751989376420223
-0.831501993295434
0.9752740719256316
0.21349297480132784
-1.6109130371837976
0.5155611159554968
1.1833069976286745
0.7789533624770316
-0.7522583835944497
0.23697520297773403
0.24980769814894083
0.22037862234890007
0.7813474191009867
-0.033349907872323975
0.026657403831892478
0.7327394474091248
-0.7989451013406701
-0.24890282524109908
-1.5359422669620135
-0.8149789830808293
-0.8680716395595341
-0.5986686541757156
-2.4064207567215132
-0.7247067892086629
1.5480661155240625
-0.09825323301218936
-0.2506248037296249
0.7591371570073933
0.9595847420470794
1.228359852065836
0.48940036995531083
1.0644212243920708
-1.3141608128096915
0.20666739512257654
0.16002814813496571
-0.5053923198346386
0.63498989784551
-1.0085132761270086
1.1877245839916877
-2.286012208320548
1.4430411976484436
0.45895619424480294
0.5359840845525373
0.5891574742765213
1.001837773319882
0.5729912899425951
1.7374905590369192
-0.6022211770131835
0.9386012292958804
1.483367095790473
0.5972178202615096
1.089097714560796
0.3958820001361949
-1.1763697073130615
1.0311230984544173
0.6038055398312622
-0.296246904672715
1.4070592400858977
0.8768299415822127
-0.13955003098585592
-1.4718724401456715
-0.7480284548159626
-0.15406429261795704
0.7166612536267973
-0.08193322775254734
0.3585913551171986
0.7280360054366392
-1.0199510848828475
-0.3811490721124056
-1.748958467869458
-1.3014548427385826
-1.421290209675436
0.23621871962896565
0.5796652396328741
-0.8445718820976276
-0.1737641056963344
-1.3109753521084586
0.4899947419958676
0.7864849927182344
-1.1783255270239903
1.3898007664738368
0.15448636511765404
2.670836759201411
0.2808938743419762
-0.3764553143475322
-0.20799562248831138
1.5924236369624714
-0.9748237859293032
-0.23608076493142108
0.4958565196266399
0.5560379553392277
-1.5631996781042266
0.3291958964679101
0.44843228402271157
0.26852651137569267
1.3743231716957154
-0.4034562754796344
0.7343268360162812
0.039182062609976726
1.524103738935554
-1.0793913019502805
0.7402640398844949
0.18463126753507345
-0.8048620622467445
1.9409057315596734
0.36012335229052905
-0.7364954509789269
-1.8860561582088538
-0.7572280842408601
0.4112703986043642
-0.6617396957764752
-1.3495434329376683
-1.4629402754647827
1.1413311661775478
0.7924730120319428
0.029483117385801744
-0.06292714154688353
0.1533272840586628
-1.7716804745928256
-1.2358767243617794
1.2427307049902316
-1.89445896435384
0.45275289568634575
1.1457177256349502
1.1738703083616753
-0.18190804385674908
-0.4130437990683975
0.38312632673195574
-0.7097629093941223
0.5869811644207488
-1.9563528471728606
1.1438057412204532
0.3468694560075321
1.0826671786990174
-0.47280693086956777
-0.03487110980327829
0.5317884854081303
-0.5734865037671634
-0.23941818936185646
-0.06575087326969255
-0.6880418056567569
0.6744700042501116
-0.736902794337095
-0.266742846921784
-0.54274609986082
1.528519858161593
-0.5305503338007588
-2.1489836024905657
-0.25296700313977744
-0.46548450753443843
0.6100065595065254
0.005111742772164564
0.7528959227144362
-0.8071131934240501
-0.4042417570514725
-1.716206164190415
0.9644870652320664
0.12508313176533312
2.1222113227747017
-0.6084335683009431
1.466117894763002
-0.33016189328493234
0.06647589922249775
-1.3973699738793672
-0.9111478461172411
-0.6127892728278129
-2.035133327419892
-0.9973346158699389
0.48074008258474904
-0.8050823702923741
0.19707842793884922
-0.1259240676263807
-0.4520291849632677
-0.08845124451450817
-0.8238842490335304
0.7087345470227029
0.3605539726396314
-2.3917019859103124
-1.9088237474993601
-0.07404975850229575
0.382645672173736
0.21088284449271785
0.45417508938404827
1.438226019268226
0.06186888916325355
2.3238187770426357
1.1166084209275273
-0.4979344371570025
-0.7464662242663337
-1.4083296642238716
1.9844136059522544
-0.05466694126552264
0.5931083658723871
0.083721315717745
-0.2523857806025618
0.6554958156165607
-0.6344876687377164
-0.0014012984775658138
-0.5068674142157735
0.2755870797062312
-1.1004035664272973
-0.13088248519239556
1.8396164773785597
1.4956171523834676
-0.9115794709968764
0.12706769533833565
0.9498958178009939
-0.47114490924929997
-0.8073372064685314
0.552302841164939
-0.2794444203351606
-1.0991427946543415
0.37874560971843474
1.1917473588118306
-0.323119898225661
1.1010821945551499
-0.6070119662320549
0.5603250778304748
-2.08926329134225
1.3430263268744163
-0.7088794749528755
0.15674797985507838
0.541153362304907
0.12221890304256364
0.02202982360178836
-1.0767021115632531
-1.1777247882362134
0.8295489191333649
-0.10131928994598394
0.2463299333282548
-0.5727268956830364
0.022044101094241614
0.7277021558804072
-0.380405004413416
-0.11211329650933692
-0.16584718691938544
-0.8638190625933321
-0.3829506517012546
-0.08907550940638974
1.168493374903479
0.6331295386562502
-1.5899900486965413
-1.7476535200943122
0.1436507932274267
0.26975026508126276
0.4422894903140971
-0.6389823350598034
-0.7183367164931383
0.604539882126207
-0.3546980744846741
-0.15406487075212655
-0.05720204308196392
0.11674634603221824
0.48805944709118837
-0.12931288646430347
-0.298613939285415
-0.9730153631307723
0.11357791741122278
0.25380969438645573
0.44936087165728406
0.01733182192662036
0.1874819040399253
-1.720718585181307
-1.1039933122125132
1.4527910288309385
3.1902399355515074
-0.24009701565940522
-0.4721950778273574
0.8957219177810029
2.2559843548371226
-1.569285909931829
-0.7508683174732023
0.08919292517801604
0.2518739583375943
1.6037386285245665
0.4858726888353904
-0.8976513423546071
-0.40636026460300745
-0.9091955796437479
-0.26778573414521745
0.47284405548384006
-0.2940651882196001
-0.790270939326761
-0.8605703454100556
1.5333791487468824
-0.2758379682680319
-0.897183153112385
0.8735162710711392
-0.3786025886554629
-0.10850897272945335
-1.2052135590956288
0.8184489112155454
1.2953797954433923
1.0922289908316736
0.01987371255926701
-0.5610715438023646
0.42208361220408336
-0.7164893980575461
-0.41315572529720757
-0.9689731629045495
-0.6807958484600981
-0.028374961609070652
0.6338271569164428
0.4342784960508784
0.3681188053459113
0.7806824936806902
-0.3325308621580221
-0.9555199036451554
0.16071803155559547
1.0929133078866644
1.0071310635723316
-0.34688483458379965
0.07727726262730121
0.4331140592567218
0.2124529540370117
-1.8374607589920247
0.41043120952869694
-1.1417365557677062
0.5099123907989445
-0.44027450811849034
-1.4642298829766243
0.521051439646495
-0.23672146210367737
-0.2238712172656115
1.247800542029237
1.2108320186233115
-0.9623072185513392
1.2245972870826172
1.692566726563725
-1.2107643880376227
-0.10622008581872604
2.4742832146272353
-0.8761677957763949
1.218417923256008
0.668161351663791
-0.3076669275285966
0.5863526355885165
-1.1395971538509297
0.8678960218104533
0.3783283997763072
-0.5279168541709136
0.010519936291773675
0.0711789973796826
-0.557425692233043
1.484650553733047
-1.8950602028454193
-0.4854304554821853
-0.7269387266610827
0.8775127655808965
1.8898259864476468
0.6428934395671818
1.1824541859986735
-0.042685342739895916
1.1651944111783135
1.1666526919312985
0.4380767261188428
0.36519546713563017
-1.294352732799711
-0.8265098353598016
-2.5787886239491766
1.444453915995735
0.008350784397508809
-0.1772676440202569
0.04999816888310932
-1.7408235337151514
-1.0443777419483196
1.130991643685938
0.3069814719372402
0.5985773484818566
-1.216941739344767
-0.3170720228121946
-1.026883369104509
1.2461631242887625
1.395581063132189
-0.9287048807345063
1.2745633058840649
-0.8057156968450899
0.7160760143511546
-1.4214728361111684
0.7874760655985396
0.8767417997960639
0.36604017725760046
0.5084309310473416
-3.0174093998521396
-0.9739441398118613
0.5784300139113184
0.8213522085084302
-0.9345828050828051
-2.674017200767504
-0.34948688044411386
0.23082992877634118
0.5885648473674044
0.23458901773082422
-0.21524509296691496
-1.2348466487328635
-1.5584838626145656
-1.0825530914558723
0.570240186734627
0.034628085376059055
-0.6978324844906736
-0.44076736351659523
0.49798529896619353
0.5444788558930844
0.23081817119190054
0.6913606395346635
-1.3699512007152115
0.7925825765770895
-0.5918756219798954
1.378267238930137
1.6535146935673282
-0.8643109588290531
-2.601482623060639
-0.6500988076614196
-1.3619970663372438
0.5075005508143843
-1.3089597007444813
-0.8272716325135298
1.8148103631091352
1.823839536196939
-0.07670032588817677
0.29987571109803585
0.06709454146879744
1.3392417217492139
1.8714242531687486
-1.2509735567137146
0.9149217967362459
-1.0809020919116399
0.8242926476306699
0.7290646566979968
0.505753172256249
2.636515313236998
2.189811558770513
0.6684077622064176
2.1244939631861057
-1.2771753075167027
2.1179402309739253
0.8706632282392209
-0.2598613438978274
0.3325820694749642
0.4148402402262524
-0.09560297382835793
-1.3414401790957524
-0.3796204322440634
1.5942262458660634
-0.24046701188073683
0.5930122395869167
0.9980675963525985
0.3251755195061095
0.5792077681932724
-0.23504482261145584
0.31675381921033624
-2.4850826398333132
0.6328374608407578
1.4986848668158577
1.0963204037944996
0.1938243844138702
0.768641828938035
-0.23571109115943698
1.1196702039176003
-0.5416834999731347
0.4631328280189561
0.29054644769582455
-0.7537900247670214
-0.7889976090958135
-1.2925382116504067
0.8135440183334424
1.03472908516021
-1.5293689833088762
-0.3977042470897146
-0.36086658055258763
-0.5251388477221387
0.7586362467504529
0.6572996753132433
0.9007781890063453
-0.9744023588086952
0.7199100869736031
0.011911724543253132
0.029795790089082272
-0.8497362316602733
-0.22250790262546258
-1.5654047099131774
1.702013270033098
-0.6500887763955712
-0.403952714357277
-1.1810681551982556
2.282184271426457
-0.14499046823735956
1.4596556585783782
-0.05227066404815163
0.030849649010634767
-0.5098747065104908
-0.3516881283552237
0.7723626757380712
1.4618714300225506
0.20728099438321157
-0.3204336298567558
0.16333003072744062
1.3879145130565171
-0.3040776098927615
0.44922410494037024
-0.25555274879835005
-0.9244605709929818
0.259123407157538
-2.280271453261224
-1.3152148498953737
1.3487248363853221
0.4787037622240683
1.256339801281116
-0.5236524662568061
-0.9998195516138638
0.4440379299027896
1.6445440173449155
-0.2850561818538773
-0.25197024059080914
0.7181395308373235
2.685453266649203
-1.394397604924475
-0.47209360728351185
1.3645241402114208
-1.2757851820823871
-0.6309100111240945
-0.5415584166607986
-0.6086652517520663
-1.4526639515751403
-0.12854075399574513
1.2859075883904096
0.4245766814711211
-0.496086105129507
0.1493028831455784
0.17365079270543074
1.022326597276614
-0.7574007789170752
-0.7015968093392981
-1.3823987047889954
-0.32046807143724043
1.463114360393816
0.048229854073252414
-0.24894388341810442
-0.5990273866616559
0.020698811803507196
-0.27616900103888653
-1.4185730449415868
-0.28367006950565493
0.597321090609151
-0.06617886570661029
0.09748056651502482
-0.0906513077220875
-0.7033413549602333
-1.966777937530789
1.0577127616733415
-0.1829994668852686
0.40107555629211883
1.0538682611611865
1.4756721493634715
-1.369022527104248
-1.2069253233543085
0.4129767435331051
-0.07117626762847692
1.6608301584955472
0.25598007272189566
0.023524950822899248
1.3804289021244172
1.62736158935781
1.3297502324737394
-0.6485939330613257
0.2426238578051888
-0.8481825414569413
-1.409136195871391
-1.1873446131521437
-0.08468586267404275
-0.9500596944887459
0.778824557121341
-0.6420973933522642
-0.1411381340446838
-1.1089373282416954
0.014773813109356666
1.31010267937934
0.8048808643451428
-0.4083971010924122
1.2154537051435095
-1.0972469029944056
1.0213944846102407
0.03830121800209166
-0.864786660232606
-0.6982601280679669
1.4901143413616502
-0.9653565174820508
-1.1805898141543556
0.03582380993815966
0.8116572881672249
1.1249941201391358
0.027034921733725265
-1.5787220790922019
0.6923088063742178
-1.2132243439866681
0.15792141511298582
-0.6302292212237781
-2.1538161424057236
1.541984734849172
1.5583978535772085
0.5615635760831444
-0.26735627507014187
0.45548745853434863
1.4728486263655978
-0.9633703466452364
-1.8083150732676894
1.0428007715102534
-0.9716715980510054
1.307484927584075
0.6671797089500172
0.08633649232680127
-0.1887107391509162
0.342735249901816
-0.022698583713215793
0.20299432237026926
0.49393484878738897
-1.4760297998438032
-1.037353952967369
1.0125698799798548
0.0735799067906851
-1.5169276991884328
0.6829481858975369
-1.701010939558064
0.28067070903969726
-0.26272656371351016
0.1607827272607322
0.3127816010504867
-0.4962509088782001
-0.708470264860212
-0.9675983728365781
1.3042473250180122
-0.587998847186549
0.016260169760234644
0.44251223516250593
0.6185415341248036
-0.7615983093708922
0.6002518846186711
1.2873521934502323
0.7349925201929035
0.3855251302025409
-0.5203828638742969
0.33709033925591325
-1.7594814779665984
0.7814097772653507
-0.31714016097541825
-0.05198746780561096
-0.5040248790705941
0.5817257350930444
-0.4505223355336665
-1.6939449201213241
-0.9920259614954704
1.0830087878584094
0.48055011297881695
0.15147801821847254
-0.47540465077407834
0.2365417921967503
-0.9377933715308366
0.6356289353736828
-1.9278798649568698
-0.9989590097705215
0.5116504041168534
0.4114766380647507
0.28505476686979125
-0.46143151423609785
-0.5004447755952789
0.8606886112942994
-0.05913095156256527
0.9955096002099385
-0.6095467273293297
1.4765503069842056
-0.590948528988155
0.15225401608019593
1.3534596377867119
-0.2196221504701484
0.9610265317835165
-1.208191222436043
-0.4499255547917155
0.718562752536842
0.2627711034163643
-0.6487980335848773
-0.5948411360082418
-0.900896878132989
0.31149528182724057
-0.05091718463376284
0.24995460147487256
-0.7894119513325552
1.0382358437586288
-1.5291555088325586
-0.991375015085452
0.845920761221296
-1.5047331546773821
0.8370835199647041
0.26006013067218614
0.838824564630269
-0.33100829113344465
1.3389257501123701
-0.7068685918827067
1.0930290808584244
-0.5713102553862132
1.6264056571483974
0.31317291890886056
0.07343228363782119
-0.4167221178258644
-0.10921413162021565
-0.5400234532601258
-0.4483971309334315
-0.17654374660951822
-0.1998728986448497
-1.230799273832468
-0.4285825340785211
-1.0487817836775528
-0.028630805735534184
-0.5237895787448712
0.3475158979143696
-0.2038312988602033
-0.6887487993670091
-0.1677304602697378
-0.01585030226856041
-0.23005038654911247
-0.215784956267109
0.6025163872930726
-0.13062877213585178
-0.18922842420201233
-0.47307332796346757
-0.6094078536873235
-0.5228968962076936
0.43504032698027284
0.8703720586954307
1.5093151291501519
0.3652875588568739
0.9863521603855233
1.1440501627126716
0.5136757366365503
0.1840844203952356
-0.4951525476260927
0.495365373297293
-0.18951692808349493
-0.9129398432418386
0.5840749384268432
-0.33651028200932587
-0.2019598532763342
1.7215730405934948
-0.7254699236394572
-0.34619356104542237
0.4826733788286562
0.8874082912271408
-1.8468342099945045
-0.8513408457053083
-2.914893036257695
-0.9388592514899714
-0.67327272733719
0.057915697610201565
0.06973652006146208
0.025488209536411562
-1.8323948463355622
-1.9507799813545226
0.24981652489131007
1.353891842763483
1.4592670298317645
-0.6123631262140959
1.5738007087107142
1.2984955864004766
-0.07334349477404035
-1.0769325641509528
0.24811302658609846
1.0759110745677063
-0.8692842778408696
0.44248055661799746
-0.5906581403421248
0.4816378234128714
-1.0298418788022374
-0.17386265508323356
0.5604705985268219
0.3592747580896449
-0.7529395784700911
-0.30342266279657343
-0.1830057553698469
-0.9289177973398139
0.4755877433860689
0.039140706382673814
0.10053050634535969
-0.3643684669659519
-0.039180159936479345
-0.4405060491770352
1.3932081415843232
0.47670785768993507
0.8496467660483702
0.7492399567372022
0.7978446162829747
0.03662291316062289
-0.9253602882702812
2.3758918553943724
0.6995378619662975
-1.9180077222364078
-1.7852757618310804
1.1392481144545923
-0.5916379885774501
0.4505915338666226
-3.0601894325270784
0.2937085838805174
-1.2918558046333348
-0.19593862721817246
-0.7782798990398344
0.45957265146579807
-1.4736873377752338
-1.0525626505297778
-1.2758406479074254
0.14312134565131843
1.5347949005756314
-1.8817250378009789
-0.9261255808962899
0.530593894062676
-0.757189868484558
0.31934067656463266
-2.2494256455292754
0.5695882816890534
1.205196463951193
-0.5054300741213761
1.4689274103200278
-1.3188830223830104
-0.34563283087932967
-0.04685159618366303
0.14183015053310444
0.8534073021585132
1.2142105092570863
0.6817547220447963
-0.20278019643182987
0.4201231153685363
-0.4100525046745015
-1.1769878067502066
-0.9420968779007896
-1.0875423524124077
0.6115356500019876
-2.365807734007439
1.1393253750617016
1.3988714961058892
-0.11894737683437018
-0.53331039616974
0.565577511921362
-0.6586830486094614
-0.41187644365850673
-0.15704499295905808
0.627799820274717
0.8880938038315791
1.3557444183463283
0.6907457952542282
0.643341399050471
-0.04365792471627286
-0.20613535879972728
1.6168160833367125
1.467765805238553
-0.6798555194745606
-0.7353708563459284
0.6817236267201735
0.7636176069714907
1.4266542659809198
-0.7492132034085235
1.2670684563464343
0.635444330420292
-0.18383750995006648
-0.3809498330751749
-0.18698206647262616
-0.9355738630767487
0.22057401809941934
-1.3770867220272636
-0.9491493994570963
-0.30699450387533045
-0.5154546373990887
1.3451848239755804
-0.752720505618467
-0.4194555709769535
1.0509902830468796
-0.018965242993250534
2.074790888085084
-0.006683107152279775
-1.694340686787345
1.036987053171737
0.7471069244411283
-2.061193982770922
-1.4139479438537672
1.340370043982262
0.20353844704574228
1.2455369813466604
-0.22045315534924628
0.03052852856195567
-0.806543135959848
-0.214620851555662
0.3994067402795995
-0.3899823789902469
-0.2619493333392519
-1.3476805514536876
-2.383846263270069
0.7698990257142261
0.5761246426285038
-0.5537818529627001
-0.35402954777050966
0.26610425098606205
-0.7434380471742433
-2.1450778565870547
1.4945341908810044
-0.7038981357011992
-0.023205953844616472
0.44331016524224187
2.4541078269575807
-0.8935964656899873
1.0665276714493397
-2.1369073364060065
-1.0292789801549322
0.17849997746726096
-0.4014432159728491
1.3868614691962822
1.2736930060558977
1.6174986984674358
1.0389759350349594
-2.1670544522192987
-0.5042931517252782
0.17581459996191104
0.3895234284800801
0.9745486844819309
-0.41563514310449723
0.16322232177718812
-1.1701504681040988
-0.7396237512308531
-0.3697347096314586
0.14889579482053553
-0.5354409387722853
0.7422593276540306
-0.041802045438653464
0.25998601920744624
-1.0771829074113948
-0.05735987788558576
-0.3601932540292179
0.31915826406753667
0.7596118265269464
2.3619853316471846
1.042480491165379
-0.4691369200366588
0.9746228717476415
0.3198347089582237
1.237399937608278
-0.17276593258960066
0.22799795389473404
1.2548656030858998
-1.2087285966638086
1.1314535247956488
0.5479896774959786
-0.5953482839990283
0.31446145421816635
0.5366174853605579
-0.1941096829127796
0.20562171652516972
-0.7851271955604263
0.06507430426592108
0.5828113907981074
1.5508317221181502
0.678170075766808
-1.3675857400004372
-0.12271837924823917
0.7245231104893878
-0.07042580988172754
-1.1122196795719754
-0.3087179472472105
1.042058254806925
0.7229242502284605
1.5640008072348177
-0.1860604977714374
-1.203144617925879
0.4934983326883556
0.6514601261232259
0.4209212330452844
1.2668995343236245
0.09279262563374811
-1.0877365427209926
0.15961329044788877
1.3734116720377445
1.8753345422273988
-1.7880641478428458
-0.6405837894449705
