-0.3826365350851608
0.8399252744051876
-0.6142845416158276
0.9257157178581943
0.5072848383258216
-0.745914916076439
0.6257212943043903
-0.6608691418829307
1.2625755331044899
1.4661828483444392
-0.7299645340135772
0.26429965638154546
-1.2350267415201202
0.16186719798104102
1.7773506596190474
-0.3291445162605415
-0.40289022735827146
-0.4241408721848233
-0.9137523680530985
1.7660240050964733
0.7378879923488768
0.8654927058982589
0.5782334997607627
1.515431386587262
-0.2485311840265771
-1.087737025757067
0.5703921405713744
-0.7110301472449894
0.04029815249599178
0.30420442661519853
0.7400177108144402
-0.6507933709699731
0.06945626453921612
2.355293808405953
0.6111681347229384
-0.577990968876598
1.1269762376594166
0.38015265357510497
-0.12355081267317046
-0.09502440410239041
-0.5501786867630782
1.2682858974585707
0.3157991172426699
0.1018547994458961
1.5235759127616828
-1.5584012181322464
0.2970217517429965
0.8760488989184987
0.26836784356044596
0.3228860952952739
-0.7882533569677281
-0.4543356845969314
-1.8895288722662011
-0.8482812248511817
-1.4055646510233237
1.3159284053787774
0.7261902309770419
-1.4866410313093865
-0.1601390352534067
-0.7279819980084308
-0.7129999448130049
0.9801094103864646
-0.29386174868109616
-0.14470705319748495
-2.136081688678943
0.36629031307978416
-0.5212856776542908
0.7942472121701111
-0.5948345260837264
-0.949209860019162
0.03537117910024854
0.2966353462025556
0.3358118520678505
-1.507138730457326
0.1826040727231783
-0.36181027898990387
-0.6760702213150646
-0.5794374593301688
0.12445163297131744
0.8120933248150672
-0.2960375018890087
1.3436444521687736
-0.6563200621980573
0.9106772429753338
0.4683057901719946
1.545891414867543
1.0011908830870564
-0.4796296565404982
0.23233012713575887
0.7504199481658326
-0.21590238976665854
-0.14171671539430764
0.5818742552572622
-0.14753062904489217
0.4853830188902959
0.26973052837479616
0.1498417504136106
2.048208753412964
-0.392511784950951
0.6786244217103613
0.3044909679968135
0.46161877369212734
0.3803920847571646
1.5202633141018795
-0.6112706645628092
-1.27497653537063
-0.8455624023265158
-1.240108302566327
-0.007494496919288404
-0.5019549860686809
0.7600236751971903
0.4102806304597016
1.6068222771211094
1.6521555160357515
0.5507347402301119
0.40044943451630827
-0.10330045342169115
-0.23633399778261757
-0.7445157617339241
0.5074628414100023
0.008442260966844662
-0.47481920487260826
-0.5469234175029583
0.21215564811495619
1.9012074832235888
0.07596477956444402
0.3014783846278758
-0.2523186559470486
-1.3021669253595887
0.4386378034523662
0.3118139648562765
1.4945861663547342
-1.1715727919254624
-0.6578144197333271
-0.7875585250781315
0.34454610024653476
1.0828641175221252
-0.175291011032523
0.8241098508664747
-0.026886402435773726
-0.8880038412161942
0.8349890095718502
0.3397743660816108
-1.455467335366021
0.7912282636451088
-2.3551074437002057
-0.8154358135210209
0.5825784594370712
-0.3964819160380799
-0.6215660155356955
0.1073198874068808
-1.2629233737828465
-1.0470087445572793
0.16385215367709038
-0.576724568588029
2.012271229423855
-1.1649441515698764
0.6235106290682371
-0.8031102966161964
1.466144513381665
0.5506143639370207
-0.18698496167760476
-0.6252340978646457
0.2819750167895086
-1.4433388358249837
-0.15496456764392072
-0.6034193767265722
1.6264567329728672
-0.18896248040602456
0.19269553810816847
2.105349378388612
-1.390879728938959
1.2395543309867079
9.23350014927142e-05
2.197523088275077
-0.3638276785137522
-0.08981147811777637
-0.28846879393613883
0.4933153277920385
0.33651073292163813
0.8180348051789386
-0.8415313811146189
0.3605678217652839
-1.678217199105949
-1.2793785723740216
-0.08520233958532422
0.4647606451540373
1.77139230092721
-1.7513053759080326
-0.6238336597848131
0.5742806407237158
2.1571833058860705
-0.4983088365613997
0.19927413573990516
-0.06739637221491335
1.0343600885885764
0.5647701719941425
1.5998033086143841
-1.0549091893956979
-1.316386671884852
-0.7903922583076887
1.3082723727461765
0.32135482952023225
1.3074201266164998
-1.2656894353883157
1.13330641421246
0.5119362009213341
0.7689391448648517
-0.6190319829573436
-1.3526642922068919
-2.2626637988552476
0.35434974098984595
-0.3044398738983252
-0.262017499315114
1.1143240422689258
0.08509347668658623
0.9671500195279152
1.2525252797475466
-0.44680939278192966
0.08963695946870112
1.6446151914768217
-1.0667701691392388
0.8912650463288952
-0.35349377208848837
-0.733858698392811
0.7899695095923326
0.06332727292324428
0.04057988219837177
1.4645294666379773
0.14144177917056266
-2.02034660658039
-0.8735060129050873
1.1820219477269116
0.09826025575317615
-0.21696914677492818
0.9931602053644053
0.5521574166777503
0.1894480872694204
-0.7251786575415822
2.299809436959494
0.5700059238140206
-0.10325255886631117
0.8247080268988661
-1.4239134475599216
-0.8198070310044543
-0.9521703931174657
0.32299562358047973
-0.9462048596315157
-0.5498908648854446
-0.6679406827719451
-0.7402134157284582
-0.03476159280314114
-0.4381481294425969
0.6220202796061495
-1.2337234203343728
-0.8755193221415296
0.8616780915248271
-0.32312413104473325
-1.2665818008388496
-0.532119022191407
1.0296077792487772
1.6015868078952693
1.8258652398652633
0.42207758127802286
-0.5701760227451192
0.9715307566517634
0.21433360023761522
2.1555920970708344
1.2428371488599779
-0.7051525093413319
0.8762422343908622
-0.32264798927216104
-0.04162598063080377
-0.7885296925069808
-1.7559386395188155
-0.6509390835941398
-0.15222234471807575
-2.0221183893991466
-0.04886782186458959
-1.2912166994336918
0.3998592723578064
-0.9203360863199721
-0.7607788666145717
1.6017540372812182
-1.2716847038481525
1.29492418998367
-0.44039638929559394
-0.9103644438990038
1.128677496259531
1.9953559789672997
-1.2069403728653187
-0.908711162952187
0.6084987697804467
0.0027513631072842554
0.6137008874089864
-0.7174437768157826
-0.7919564300584682
-0.10768598053187435
2.049714771901445
0.046288852634212126
0.6412499011534977
0.23549706460869815
-1.3866317996995272
-0.9828094761984822
1.627374613143583
0.20554722488518495
0.7107441777079908
-0.8130400956041437
-0.697825733056812
0.5785675641714635
-1.3259729615239855
-0.0759110339116939
-0.1270832997558835
1.4661811555622069
0.6871970289681434
-0.05079624261966178
0.1660594657404757
-2.1314748596886974
-0.8720228392810649
0.3807730799539553
0.2648238512857586
0.9483413023687255
0.28500854830256916
0.42135710641462376
0.9808671946106046
-0.4138750334242225
1.8029374053567675
1.2277084696132825
-1.7442906090043786
-0.5696385145300306
-0.3592342133811388
0.04583247272448635
0.5176887164469538
-0.6071583459253924
-0.06832539782648815
-0.28308460660575174
1.8665667198058564
-0.3075051202216583
1.1968938483577753
1.8068688478278836
-0.24417303173051152
2.5953780937746957
-0.6725268939223005
0.1793902683779797
2.000670959645588
-2.3937014211632066
-1.0006322617721377
-1.6094104690056796
1.0789286478820788
-1.8249380064488103
